# R script for Peak Model
#  -- generated by MACS
p <- c(0.0381086448381,0.044496178773,0.0508590174094,0.0574260671679,0.0638886368174,0.0640178122249,0.0641061454079,0.0640206616824,0.0641355898023,0.064249568103,0.0644100875431,0.0644509297675,0.064657040528,0.0645810549942,0.0646142986652,0.0647349257001,0.0648925956827,0.0651955879988,0.0652421291382,0.065257326245,0.0652953190119,0.0653760536415,0.0654814835697,0.0656761965,0.0658072715458,0.0657854257049,0.065863310877,0.0658253181101,0.0659411960492,0.0660276295939,0.0660846187442,0.0662166436092,0.0661292602453,0.0661178624152,0.0661539555438,0.0661416078945,0.0662052457791,0.0662327905351,0.0662460880035,0.0662669840253,0.0663990088903,0.0664351020188,0.066589922544,0.0666307647684,0.0666887037379,0.0667599401758,0.0668045816769,0.0669128610626,0.0670952263437,0.0670990256204,0.0670553339385,0.0670933267054,0.0671588642283,0.0670828786945,0.0671056743546,0.0673402796902,0.0673877706488,0.0674447597992,0.067311785115,0.0674466594375,0.0674390608841,0.0675416413548,0.0675549388232,0.0677458524769,0.0678389347558,0.0679073217362,0.0679453145031,0.0680972855707,0.0682245613398,0.0683043461503,0.0684059768017,0.0685057078148,0.0686139872005,0.0687061196602,0.0687878041091,0.0687878041091,0.0688580907278,0.0687792557365,0.0689074813248,0.0688742376538,0.0690043628804,0.0689103307823,0.0688799365688,0.0689445242725,0.0689825170394,0.0690395061898,0.0691753303314,0.069217122375,0.0692693624295,0.0693405988674,0.0694460287956,0.0696283940767,0.0696853832271,0.0697148276214,0.0696654370244,0.0696825337695,0.069695831238,0.0698516015822,0.0699931246389,0.0702638231031,0.0702628732839,0.070323661711,0.0704129447132,0.0704005970639,0.0705107760879,0.0706029085477,0.0707843240096,0.0707881232863,0.0708736070118,0.0707909727438,0.0709191983321,0.0709923344084,0.0710274777178,0.0711803986045,0.0711851477004,0.0712297892015,0.0710550224738,0.0711652014978,0.0710569221121,0.0711528538485,0.0712497354041,0.071414054121,0.0714824411014,0.0715071363999,0.0716648063825,0.0717388922779,0.0718291250993,0.0718680676854,0.071992493997,0.0720190889338,0.0721207195853,0.0720513827857,0.0721891065657,0.0723201816115,0.0723648231126,0.0724465075614,0.0725509876704,0.0726963100038,0.0727286038557,0.0729043204026,0.0728663276357,0.0730107001499,0.0730819365878,0.0731113809822,0.0732861477099,0.0734951079279,0.0735767923767,0.0736480288146,0.0737458601894,0.0738360930108,0.0740108597385,0.0740232073878,0.0741305369542,0.0742654112767,0.0741922752005,0.0741058416558,0.0742093719456,0.0741837268279,0.0743024542245,0.0741894257429,0.0741685297211,0.0741875261046,0.0742853574794,0.0743157516929,0.074464873303,0.0746187440089,0.074740320863,0.0748267544077,0.0748106074817,0.0748808941005,0.0749150875907,0.075010069508,0.0749920229437,0.0751268972662,0.0751430441921,0.0751183488936,0.0751781875015,0.0752323271943,0.0752836174296,0.0753975957303,0.0755410184254,0.0755980075757,0.0757119858764,0.075621753055,0.0758677562207,0.0758316630921,0.0759247453711,0.0761527019724,0.0762533828047,0.0764775401294,0.0766076653561,0.0767358909443,0.0767349411252,0.076822324489,0.0767415898594,0.0769628977266,0.076849869245,0.0768584176176,0.076976195195,0.0769220555022,0.0768793136394,0.0771034709641,0.0772601911276,0.0774682015263,0.0775964271146,0.0776952083085,0.0779383620167,0.0779630573152,0.0780903330843,0.0783296875158,0.0784987553285,0.0785082535202,0.0785528950213,0.078633629651,0.0787656545159,0.0788416400497,0.0787590057817,0.0789546685313,0.0791180374289,0.0789556183504,0.0791094890564,0.0791797756751,0.0793934849889,0.0794058326382,0.0794172304682,0.0795464058757,0.0799538783007,0.0801286450284,0.0800517096755,0.0803898453009,0.0804221391527,0.0805845582312,0.0806035546147,0.0807811707999,0.0810423710724,0.0812484818328,0.0811553995539,0.0812408832794,0.0814783380725,0.0816540546194,0.0817480867175,0.0817851296652,0.0820121364475,0.0821052187264,0.0823436233386,0.0823094298484,0.0824936947679,0.0825136409705,0.0826200207178,0.0826333181863,0.0828280311166,0.082912565023,0.082863174426,0.0831129768684,0.0830379411537,0.0833922237051,0.0835052521866,0.0835698398903,0.0837246604154,0.0838291405244,0.0840808426051,0.0842442115028,0.0844294262414,0.0845567020105,0.0848160026446,0.0846982250672,0.0848311997514,0.0850791025554,0.0851636364617,0.0852966111459,0.0851930808561,0.0854039407124,0.0856138507495,0.0855996034619,0.0857962160306,0.0861001581658,0.0863433118739,0.0865095302291,0.0867175406279,0.0869521459635,0.0871411599788,0.0873710162186,0.0875799764365,0.0877214994932,0.087803183942,0.0878155315913,0.0880092947025,0.0881261224607,0.0881147246306,0.0883350826786,0.0886238277071,0.0888232897333,0.0888536839468,0.0890635939839,0.0892117657748,0.0896116396464,0.0896952237336,0.0899127323241,0.0904199357622,0.0906108494159,0.0906963331414,0.0910059741916,0.0913222639761,0.0918123706691,0.0921201120809,0.0923651654274,0.0928476735671,0.093304536589,0.0936635682362,0.0939409154346,0.0944538177877,0.0945222047681,0.0949040320755,0.0951044439209,0.0953286012456,0.0955280632718,0.0955945506139,0.0956144968165,0.0955869520605,0.0957959122784,0.0959716288253,0.0963012160782,0.0963344597492,0.0965263232221,0.0966535989912,0.0967533300043,0.0968891541459,0.0972092432071,0.0975483286516,0.0976509091223,0.0978228263925,0.0980887757608,0.0984402088546,0.098579832273,0.0990243476457,0.0992200103952,0.0994745619334,0.0995467481905,0.0995856907766,0.0998297943039,0.100117589513,0.100217320526,0.100412983276,0.100654237346,0.100543108502,0.100858448468,0.101053161398,0.101232677222,0.101497676771,0.101811117098,0.101851009503,0.102063768998,0.102270829577,0.10235916276,0.10249688654,0.102694448928,0.102920505891,0.103156061046,0.103315630667,0.103413462042,0.103619572802,0.103743999114,0.103850378861,0.103951059693,0.104341435373,0.104483908249,0.104795448938,0.104955018559,0.105088943062,0.10526275997,0.105403333208,0.105538207531,0.105808905995,0.106056808799,0.106079604459,0.106184084568,0.106334155997,0.106549764949,0.106883151479,0.107137703017,0.107299172276,0.107473939004,0.10751288159,0.107640157359,0.108118866222,0.108311679514,0.108535836839,0.108789438558,0.108861624815,0.109087681778,0.109516050225,0.109788648327,0.109904526266,0.110357590012,0.110521908728,0.110790707554,0.110893288025,0.111095599509,0.11144988206,0.111600903308,0.111578107648,0.111662641555,0.111979881158,0.112176493727,0.112312317869,0.112527926821,0.112650453494,0.112905005032,0.113017083695,0.113075022664,0.113314377096,0.113556580985,0.113715200786,0.113629717061,0.113593623932,0.113626867603,0.113799734693,0.113902315163,0.114046687678,0.114229052959,0.114302189035,0.114443712092,0.11466407014,0.114979410105,0.115257707122,0.115556900162,0.115741165081,0.115977670055,0.116206576476,0.11640888796,0.116622597273,0.116771718883,0.116911342302,0.117080410114,0.117366305685,0.117440391581,0.11765884999,0.117653151075,0.117909602252,0.118034028564,0.118302827389,0.118387361296,0.118469045745,0.118525085076,0.118606769525,0.11888696618,0.119051284897,0.119302037159,0.119359026309,0.119584133453,0.119482502802,0.119776946745,0.120152125318,0.120487411486,0.120688773151,0.120647930926,0.120639382554,0.12085024241,0.12091862939,0.120947123966,0.121371693136,0.121498019086,0.121422983371,0.121513216192,0.121613897025,0.121846602722,0.12205556294,0.121972928672,0.122217982018,0.122406046215,0.122349057064,0.122448788077,0.122519074696,0.122605508241,0.122800221171,0.122749880755,0.12280117099,0.123077568369,0.123054772709,0.123148804807,0.123247586001,0.123484090975,0.123704449023,0.12375383962,0.1236389115,0.123861169187,0.123935255082,0.123817477505,0.124027387542,0.124116670544,0.124218301196,0.124306634379,0.124258193601,0.124252494686,0.124363623529,0.124566884832,0.124907869915,0.124996203098,0.124974357257,0.125050342791,0.125140575612,0.125098783568,0.12534953583,0.125469213046,0.125496757802,0.125548997856,0.125391327874,0.125420772268,0.125472062503,