# R script for Peak Model
#  -- generated by MACS
p <- c(0.0389952907977,0.0456222952636,0.0522492997295,0.0589665084304,0.0656596626686,0.0655664516258,0.0655303699318,0.0656656762843,0.0657679077507,0.0657137852096,0.0658280439073,0.066014465993,0.0656927375548,0.0653920567714,0.0654371588889,0.0655213495083,0.0654070908106,0.0655303699318,0.0655333767396,0.0656145605511,0.0659904115304,0.0656957443626,0.0660836225732,0.0661587927691,0.0658310507152,0.0657318260566,0.0661166974594,0.0657829417898,0.065906220911,0.0658941936797,0.0659723706834,0.0661227110751,0.0661918676552,0.0667691747593,0.0671630665856,0.0672833388989,0.0671871210483,0.0671781006247,0.0670608351192,0.0672232027423,0.0670157330017,0.0669826581155,0.0668353245317,0.0663752829331,0.0664113646271,0.0663873101644,0.0666188343676,0.0666338684068,0.0667150522183,0.06668498414,0.0666007935206,0.0666007935206,0.0666218411755,0.0668353245317,0.0668774198414,0.0667781951828,0.0665376505561,0.066739106681,0.0670337738487,0.0670698555427,0.0671239780837,0.0674336792906,0.067553951604,0.0676231081842,0.0675479379883,0.067626114992,0.0678185506934,0.0678275711169,0.067806523462,0.0677824689994,0.067896727697,0.0675479379883,0.0673825635575,0.0671720870091,0.0671540461621,0.0672713116676,0.0674787814081,0.0673885771731,0.0674156384436,0.0674186452515,0.0675659788353,0.0678395983482,0.0680801429749,0.0684620075698,0.0685161301108,0.0686514364634,0.068314673986,0.0685582254205,0.0686484296555,0.0683297080251,0.0684018714131,0.0683657897191,0.0683357216408,0.0680831497827,0.0681613267864,0.068278592292,0.0683627829113,0.0683657897191,0.0683718033348,0.0689671512859,0.0688408653569,0.0690633691366,0.0690543487131,0.0691475597559,0.0691776278343,0.0692828661085,0.069508376696,0.0696226353937,0.0696587170877,0.0697549349384,0.0698391255577,0.0698000370559,0.0700496021061,0.0700586225296,0.0699443638319,0.0698631800204,0.069634662625,0.0694392201158,0.0691325257168,0.0688649198196,0.0690242806348,0.0691295189089,0.0690573555209,0.0690663759444,0.069237763991,0.0691445529481,0.0692648252615,0.0696557102799,0.0699323366006,0.070160853996,0.0699744319103,0.0698210847107,0.0701668676116,0.0701458199568,0.0700105136043,0.0699834523338,0.0698180779029,0.0695925673154,0.0697429077071,0.0694963494647,0.0694692881942,0.0693339818416,0.0690753963679,0.0691746210265,0.0692948933398,0.0694031384218,0.0698992617144,0.0696647307034,0.0695925673154,0.0698661868282,0.0701578471881,0.0702270037683,0.0702450446153,0.0701458199568,0.0700766633766,0.0700826769923,0.0700435884904,0.070467548395,0.0701939288821,0.0701307859176,0.0699864591416,0.0701758880351,0.0702600786545,0.0704194394697,0.070503630089,0.0707050862139,0.0706900521747,0.0710027601895,0.0712553320475,0.0713455362825,0.0713665839374,0.0711831686595,0.071246311624,0.0712974273572,0.0713335090512,0.0713876315922,0.0713876315922,0.0709967465738,0.0712493184318,0.0710568827305,0.0711350597341,0.0713094545885,0.0714567881724,0.0713996588235,0.0714207064784,0.0716341898346,0.0717514553401,0.0722565990562,0.0723949122165,0.0725572798396,0.0726955929999,0.0728820150856,0.0726835657686,0.0726895793843,0.0728339061603,0.07287600147,0.0727797836193,0.0727346815018,0.0723648441382,0.0723227488285,0.0724490347576,0.0724279871027,0.0725181913377,0.0726715385373,0.0724881232594,0.0723708577539,0.0725422458004,0.0721784220525,0.0722535922484,0.072385891793,0.0725783274944,0.0723919054087,0.0724730892202,0.0725302185691,0.0728158653133,0.0727827904271,0.0726805589608,0.0731015120575,0.0734743562289,0.0734082064566,0.0731766822534,0.0735856081188,0.0737900710515,0.0737299348948,0.0738441935925,0.0738020982828,0.0738502072081,0.0735555400404,0.0735465196169,0.0740366292938,0.0741298403367,0.0741328471445,0.0742471058422,0.074668058939,0.0748604946403,0.0750078282242,0.0753896928191,0.0757294621043,0.0757986186845,0.0755580740578,0.0757024008338,0.07573547572,0.0755129719403,0.0754167540896,0.0753325634703,0.0754227677053,0.0754017200504,0.0755099651325,0.0756152034066,0.07573547572,0.075681353179,0.0757294621043,0.0757505097592,0.075861761649,0.0758196663393,0.0760662245817,0.0762827147458,0.0761203471227,0.0760451769269,0.0761263607384,0.0762285922048,0.0767156950738,0.0770223894729,0.0771727298646,0.0771877639038,0.0772178319821,0.0771697230568,0.0773170566406,0.0776568259259,0.0778642956664,0.0780898062539,0.0779003773604,0.0780146360581,0.0782912623788,0.078685154205,0.0787573175931,0.0790640119921,0.079391754046,0.0797676050252,0.0800773062321,0.0805974839874,0.0807448175713,0.0808199877671,0.0807748856496,0.0808921511551,0.0812800293657,0.0815536488786,0.0816769279998,0.0815536488786,0.0815055399532,0.081346179138,0.0813612131772,0.081818247968,0.08210690152,0.0822782895665,0.0821670376767,0.0823534597624,0.0826421133144,0.0829367804822,0.0831352297992,0.0832254340342,0.0837967275227,0.0842086601959,0.0847829604922,0.085528648835,0.0861630852879,0.0864306911851,0.0867854945095,0.0871012093321,0.087663482397,0.0880062584901,0.0884151843555,0.0885174158219,0.088514409014,0.088604613249,0.0889985050753,0.0892631041647,0.0896239211047,0.0897923023434,0.090162139707,0.0906011336507,0.0908777599715,0.0912566177585,0.0915783461968,0.0915422645028,0.0916414891613,0.0916835844709,0.0916715572396,0.091755747859,0.0916414891613,0.091791829553,0.0916324687378,0.0916024006594,0.0919030814428,0.0920323741797,0.0921496396852,0.0921676805322,0.0923781570806,0.09282316464,0.0931058045764,0.0933673968579,0.0939507175777,0.0942213302827,0.0944498476781,0.0947896169634,0.0949429641629,0.0952556721776,0.0953488832205,0.0954751691495,0.095520271267,0.0959141630932,0.0958540269365,0.0959352107481,0.0955894278472,0.0956225027333,0.0957217273919,0.0959622720186,0.0963802183075,0.0966207629342,0.0969545186038,0.0970747909171,0.0973183423517,0.0973724648927,0.0978144656442,0.098397786364,0.0986714058769,0.0987616101119,0.0985451199479,0.0988518143469,0.0991344542833,0.0991855700165,0.0994080737962,0.0997328090423,0.099901190281,0.0998921698575,0.100126700869,0.100063557904,0.100355218264,0.100490524616,0.100959586638,0.101434662276,0.101419628237,0.101488784817,0.101690240942,0.101741356675,0.101621084362,0.102228459544,0.102652419449,0.102601303716,0.102258527623,0.102198391466,0.102631371794,0.102766678147,0.102895970884,0.103262801439,0.103635645611,0.103740883885,0.103990448935,0.104444476918,0.104874450438,0.105202192492,0.105541961777,0.106113255266,0.106507147092,0.10682887553,0.107294930744,0.10741219625,0.107421216674,0.1076617613,0.10799551697,0.107887271888,0.107724904265,0.107818115308,0.108148864169,0.108305218177,0.108527721956,0.108885532089,0.109538009389,0.109646254471,0.110157411802,0.110473126625,0.110755766561,0.111077495,0.111366148552,0.111573618292,0.111751019954,0.112003591812,0.111934435232,0.112418531293,0.112740259732,0.113209321754,0.113738519933,0.113786628858,0.1140331871,0.114454140197,0.114637555475,0.114739786941,0.115347162124,0.115479461668,0.115494495708,0.115515543362,0.115668890562,0.116050755157,0.116095857274,0.116047748349,0.116225150011,0.116826511578,0.116895668158,0.117385777835,0.11754513865,0.118119438946,0.118353969958,0.118381031228,0.118898202175,0.119219930614,0.119758149216,0.11986338749,0.119941564494,0.119995687035,0.120290354203,0.120518871598,0.121180369321,0.122133527405,0.122422180957,0.122849147669,0.123068644641,0.123456522852,0.124063898034,0.124199204387,0.124484851131,0.124644211946,0.124866715726,0.124797559146,0.125065165043,0.125585342798,0.125780785307,0.126249847329,0.126493398764,0.126739957006,0.127124828409,0.127705142321,0.128023863951,0.128408735354,0.128676341251,0.129007090113,0.12916344412,0.12970466953,0.129984302659,0.130720970578,0.130922426703,0.131147937291,0.131376454686,0.131869571171,0.132179272378,0.13228751746,0.133021178571,0.133165505347,0.133529329095,0.133670649063,0.13424494936,0.134323126363,0.134680936496,0.134870365389,0.135092869169,0.135579972038,0.135928761747,0.136021972789,0.136015959174,