# R script for Peak Model
#  -- generated by MACS
p <- c(0.0408210412867,0.0467795543555,0.0555605209831,0.0625643872218,0.0701954653625,0.0700909300455,0.0704045359965,0.0708226772645,0.0711362832154,0.0712930861909,0.07097948024,0.0721816363854,0.0711885508739,0.0720248334099,0.0709272125815,0.0708226772645,0.0724429746779,0.0727043129704,0.0725475099949,0.0734360601893,0.0742200750668,0.0737496661403,0.0732269895554,0.0723907070194,0.0722339040439,0.0720771010684,0.06993412707,0.069202379851,0.069515985802,0.0693591828265,0.0689410415585,0.069306915168,0.0684706326321,0.0683660973151,0.0697773240945,0.0692546475095,0.0681047590226,0.068679703266,0.0687319709245,0.068679703266,0.069829591753,0.06993412707,0.0711362832154,0.0721293687269,0.0715544244834,0.0720771010684,0.0737496661403,0.0734360601893,0.0740110044328,0.0727565806289,0.0734883278478,0.0728088482874,0.0726520453119,0.0717634951174,0.0723384393609,0.0722339040439,0.0720248334099,0.0717112274589,0.0713453538494,0.0721816363854,0.0716589598004,0.0729656512629,0.0727043129704,0.0727043129704,0.0723384393609,0.0722339040439,0.0724952423364,0.0732792572139,0.0725475099949,0.0727565806289,0.0717112274589,0.0713976215079,0.0716589598004,0.0723384393609,0.0722861717024,0.0718157627759,0.0723384393609,0.0720248334099,0.0731747218969,0.0724429746779,0.0725997776534,0.0734360601893,0.0739587367743,0.0737496661403,0.0739064691158,0.0745859486763,0.0749518222858,0.0756313018463,0.0752654282368,0.0753176958953,0.0756835695047,0.0750040899443,0.0750563576028,0.0750563576028,0.0750563576028,0.0757881048217,0.0759971754557,0.0746904839933,0.0751086252613,0.0758403724802,0.0759449077972,0.0753699635538,0.0756835695047,0.0766243873577,0.0758926401387,0.0763630490652,0.0756835695047,0.0767289226747,0.0761017107727,0.0750563576028,0.0747427516518,0.0753176958953,0.0757358371632,0.0746904839933,0.0751086252613,0.0743246103838,0.0751086252613,0.0750040899443,0.0744814133593,0.0756835695047,0.0757358371632,0.0766243873577,0.0757881048217,0.0761539784312,0.0764675843822,0.0763107814067,0.0768857256502,0.0768334579917,0.0777742758447,0.0779833464786,0.0786105583806,0.0784537554051,0.0784537554051,0.0785060230636,0.0794991085751,0.0797081792091,0.0784537554051,0.0782969524296,0.0770425286257,0.0762062460897,0.0762062460897,0.0756835695047,0.0747950193103,0.0751086252613,0.0750040899443,0.0754222312123,0.0756835695047,0.0754744988708,0.0770425286257,0.0777220081862,0.0766766550162,0.0767811903332,0.0773038669182,0.0768334579917,0.0761017107727,0.0756835695047,0.0756835695047,0.0760494431142,0.0760494431142,0.0759971754557,0.0762585137482,0.0757881048217,0.0748472869688,0.0759971754557,0.0761539784312,0.0758403724802,0.0749518222858,0.0755790341878,0.0748995546273,0.0748995546273,0.0760494431142,0.0758926401387,0.0770425286257,0.0758403724802,0.0756835695047,0.0756835695047,0.0768857256502,0.0768334579917,0.0775652052107,0.0777742758447,0.0775652052107,0.0778265435032,0.0770947962842,0.0779310788202,0.0777220081862,0.0775652052107,0.0766766550162,0.0759971754557,0.0754222312123,0.0763107814067,0.0747427516518,0.0744291457008,0.0744814133593,0.0740632720913,0.0742723427253,0.0760494431142,0.0774606698937,0.0779310788202,0.0780878817956,0.0775129375522,0.0789764319901,0.0793945732581,0.0796559115506,0.0789241643316,0.0791332349656,0.0773561345767,0.0771993316012,0.0773561345767,0.0775652052107,0.0780356141371,0.0782969524296,0.0793423055996,0.0801785881356,0.081171673647,0.081589814915,0.0829487740359,0.081485279598,0.081903420866,0.080962603013,0.0793423055996,0.0781924171126,0.0777742758447,0.0770425286257,0.0783492200881,0.0781924171126,0.0779310788202,0.0787673613561,0.0791855026241,0.0797604468676,0.0811194059885,0.082530632768,0.0821647591585,0.0821647591585,0.0803876587695,0.080962603013,0.081485279598,0.081380744281,0.0794468409166,0.080962603013,0.080753532379,0.08106713833,0.0823738297925,0.082321562134,0.0833146476454,0.082321562134,0.0813284766225,0.0816420825735,0.0828442387189,0.0807012647205,0.081276208964,0.0796036438921,0.0777220081862,0.0784537554051,0.0777220081862,0.0787150936976,0.0782446847711,0.0778788111617,0.0780878817956,0.0788718966731,0.0786105583806,0.0792900379411,0.0801785881356,0.0798649821846,0.0798649821846,0.0792900379411,0.0798649821846,0.0802308557941,0.0796559115506,0.0804921940865,0.0802831234526,0.080858067696,0.0802308557941,0.0810148706715,0.0826874357434,0.0825829004265,0.0833669153039,0.0835759859379,0.0836282535964,0.0830533093529,0.0839418595474,0.0843077331569,0.0848826774004,0.0859280305703,0.0839418595474,0.0848826774004,0.0848826774004,0.0850917480343,0.0852485510098,0.0856666922778,0.0849349450589,0.0839941272059,0.0840986625229,0.0832101123284,0.0847258744249,0.0846213391079,0.0845168037909,0.0847258744249,0.0855621569608,0.0872347220328,0.0874960603252,0.0889595547632,0.0886982164707,0.0868688484233,0.0856144246193,0.0850917480343,0.0862939041798,0.0866597777893,0.0868165807648,0.0851440156928,0.0851962833513,0.0842031978399,0.0854053539853,0.0888027517877,0.0903707815426,0.0899003726161,0.0895867666652,0.0895344990067,0.0898481049576,0.0908411904691,0.0901617109086,0.0909979934446,0.0909457257861,0.0900571755916,0.0905275845181,0.0929841644675,0.092095614273,0.092618290858,0.0925660231995,0.0926705585165,0.093036432126,0.0932977704185,0.0935068410525,0.0941340529545,0.0927750938335,0.0912070640786,0.0919388112975,0.0927750938335,0.0929841644675,0.093350038077,0.0941340529545,0.0943431235884,0.0946567295394,0.093350038077,0.0956498150509,0.0950226031489,0.0954407444169,0.0943431235884,0.093350038077,0.093454573394,0.0931932351015,0.092722826175,0.0922524172485,0.092513755541,0.0917297406636,0.0928796291505,0.092722826175,0.093140967443,0.0943431235884,0.0946567295394,0.0947612648564,0.0952839414414,0.0953362090999,0.0950226031489,0.0943953912469,0.0952316737829,0.0947612648564,0.0949180678319,0.093350038077,0.0943953912469,0.0943431235884,0.0945521942224,0.0957020827094,0.0969042388548,0.0971133094888,0.0971133094888,0.0983154656343,0.0978973243663,0.100615242608,0.0992040158287,0.0994653541212,0.0996221570967,0.0980018596833,0.0971133094888,0.0969565065133,0.0955452797339,0.0950748708074,0.0952316737829,0.0949703354904,0.0955452797339,0.0959111533434,0.0958588856849,0.0968519711963,0.0969565065133,0.0976882537323,0.100092566023,0.0999357630477,0.101817398754,0.10160832812,0.101190186852,0.100876580901,0.10124245451,0.102601413631,0.103960372752,0.103751302118,0.104221711045,0.104639852313,0.104639852313,0.103908105094,0.103489963826,0.104796655288,0.104848922946,0.103594499143,0.103594499143,0.103646766801,0.101974201729,0.102601413631,0.100510707291,0.100406171974,0.0994130864627,0.0985245362683,0.0983677332928,0.0985245362683,0.0983154656343,0.0985245362683,0.0993085511457,0.100040298365,0.101974201729,0.102549145973,0.104169443386,0.104953458263,0.106051079092,0.105371599531,0.105110261239,0.105632937824,0.10505799358,0.103385428509,0.103071822558,0.102549145973,0.103489963826,0.103594499143,0.10265368129,0.103908105094,0.10437851402,0.104744387629,0.104483049337,0.105685205482,0.104535316996,0.104169443386,0.103960372752,0.102915019582,0.10228780768,0.101503792803,0.100772045584,0.101190186852,0.101190186852,0.100772045584,0.101190186852,0.101346989827,0.0999357630477,0.100510707291,0.101190186852,0.101712863437,0.102601413631,0.101660595778,0.102392342997,0.102758216607,0.102549145973,0.104273978703,0.104430781679,0.104848922946,0.10542386719,0.105580670165,0.10610334675,0.106260149726,0.105528402507,0.106364685043,0.106678290994,0.105894276116,0.106207882067,0.106887361628,0.106312417384,0.105005725922,0.104483049337,0.104744387629,0.104326246362,0.104221711045,0.103908105094,0.105267064214,0.104796655288,0.104064908069,0.105162528897,0.106678290994,0.107305502896,0.108141785432,0.110023421138,0.109553012211,0.110755168357,0.110389294747,0.112480001087,0.112114127478,0.111068774308,0.110023421138,0.108978067968,0.107200967579,0.106521488018,0.10646922036,