# R script for Peak Model
#  -- generated by MACS
p <- c(0.0400206551191,0.0465431130599,0.0530655710008,0.0597141775787,0.0662108323892,0.0664745977213,0.0664086563883,0.0661219549403,0.0659212639268,0.0659499340716,0.065958535115,0.0659900722743,0.0660789497231,0.0662194334326,0.0662739067078,0.0662223004471,0.0660445455494,0.0661821622444,0.0658295194634,0.0660846837521,0.0661706941865,0.0664287254896,0.0662968428236,0.0661993643313,0.0664401935476,0.0666838897783,0.0666867567928,0.0667096929086,0.067142612095,0.066795703343,0.0666838897783,0.0662165664182,0.0662825077512,0.0660416785349,0.0658725246806,0.0655829562182,0.0658295194634,0.0657463760435,0.0656087593485,0.0660015403322,0.0662165664182,0.0663971883304,0.0665434060688,0.0668874478064,0.0670021283855,0.0668415755747,0.0669705912263,0.0672974308769,0.0672687607321,0.067357638181,0.0673891753403,0.0676844778317,0.0678048924398,0.0680113174823,0.0680543226995,0.0683725613067,0.0681489341773,0.0681862053656,0.0684528377122,0.0683524922054,0.0681374661194,0.0681604022353,0.0681804713366,0.0678765678018,0.0682034074524,0.0680141844968,0.0680629237429,0.0681001949312,0.068057189714,0.0679539771927,0.0682177425248,0.0680829928443,0.0682177425248,0.0682120084959,0.0679425091348,0.0679769133086,0.0680686577719,0.0679941153954,0.0680657907574,0.0682148755104,0.0681259980615,0.0681661362642,0.0679253070479,0.0680772588153,0.0682292105828,0.0685531832189,0.0685933214217,0.0686047894796,0.0686821988705,0.0689717673329,0.0690491767239,0.0689287621158,0.0692011284913,0.0694333566641,0.0691609902886,0.0688828898841,0.0687309381167,0.0685990554506,0.0682578807276,0.0682922849013,0.0682292105828,0.0685933214217,0.0685445821755,0.0682492796841,0.0686305926099,0.0687796773628,0.0690434426949,0.0692527347519,0.0695050320261,0.0692527347519,0.0692326656506,0.0690434426949,0.0690549107528,0.0690692458252,0.0688513527248,0.0688398846669,0.0687682093049,0.0686334596244,0.0688398846669,0.0687940124352,0.0688026134787,0.0689430971881,0.0689516982316,0.0690491767239,0.0690921819411,0.0692125965492,0.0692957399691,0.0694878299393,0.0693330111574,0.0696856539383,0.0697687973582,0.0698920789809,0.069869142865,0.0697859994451,0.0698118025754,0.0699264831546,0.0700411637338,0.069940818227,0.069946552256,0.0698892119664,0.070078434922,0.0700354297048,0.0701902484867,0.0703880724858,0.0702733919066,0.0701128390958,0.0699436852415,0.0702418547474,0.0702791259356,0.0700956370089,0.0700956370089,0.0701128390958,0.0701587113275,0.0702647908632,0.0703909395003,0.0705199551519,0.0706891090062,0.0705600933546,0.071064687903,0.0709729434396,0.0709614753817,0.0711191611781,0.0711392302794,0.0710302837292,0.0712510438441,0.0710073476134,0.0708267257012,0.0709299382224,0.0704138756161,0.0708582628604,0.0710847570043,0.0709528743383,0.0707005770641,0.0708123906288,0.0707923215274,0.0710360177582,0.0712051716125,0.0712940490613,0.0715320112631,0.0712768469744,0.071124895207,0.0714976070894,0.0716782290016,0.0716839630305,0.0717413033201,0.0718473828559,0.0720022016378,0.0717298352622,0.0717699734649,0.0718416488269,0.0718674519572,0.0716810960161,0.0718559838993,0.0720996801301,0.0718817870296,0.0719362603047,0.0716782290016,0.07218282355,0.0719878665654,0.0719505953771,0.0718846540441,0.071896122102,0.0717843085373,0.0717499043636,0.0719993346233,0.0720538078984,0.0723405093463,0.0721283502749,0.0724293867952,0.0727361573445,0.0729024441843,0.07309166714,0.0734758470802,0.073372634559,0.0734443099209,0.0734529109644,0.0735675915436,0.0736048627318,0.0736048627318,0.0734557779789,0.0735503894567,0.073498783196,0.0731776775743,0.0732923581535,0.0734414429065,0.0735016502105,0.0736622030214,0.0736220648187,0.0739317023825,0.0738342238901,0.0739747075996,0.0740951222078,0.0745681795969,0.0748835511896,0.075112912348,0.0751874547245,0.0753594755932,0.0758009958231,0.0757493895624,0.076087697271,0.0760475590683,0.0762883882846,0.0765349515298,0.0762597181398,0.0761737077054,0.0764202709506,0.0763141914149,0.0762740532122,0.0764374730375,0.0767471106013,0.0770108759334,0.0771112214402,0.0768761262529,0.0770940193533,0.0772603061931,0.0771370245705,0.0773921888592,0.0773176464827,0.0773577846854,0.0776874913506,0.0776874913506,0.0775900128583,0.0775183374963,0.0776760232927,0.0773950558737,0.0778308420745,0.0778824483352,0.0779369216103,0.0780630702474,0.0777218955243,0.0779598577261,0.0781089424791,0.0785103245062,0.078473053318,0.0789891159243,0.0790063180111,0.0790751263586,0.0792700833433,0.0794306361541,0.0799094275722,0.080069980383,0.0802362672228,0.0802563363242,0.0805946440328,0.0807150586409,0.0807781329595,0.0810390312771,0.0812081851314,0.0814977535938,0.0815120886662,0.0814203442029,0.0813285997395,0.0814461473332,0.0815149556807,0.0816726414771,0.0817901890707,0.0817271147522,0.0823435228653,0.0822833155612,0.0826990326607,0.0833957171792,0.0840780666253,0.0846256663909,0.0852048033158,0.0857036638352,0.0864404865564,0.0870568946695,0.0873665322333,0.0880861528677,0.0882897108957,0.088392923417,0.0885878804016,0.0889147200522,0.0891956874712,0.0893247031228,0.0893935114703,0.0899497122793,0.0901217331481,0.0899783824241,0.0901876744811,0.0907209391743,0.0910850500132,0.0915466393444,0.0914262247363,0.0917760005028,0.0918476758647,0.0919107501833,0.0920368988204,0.0923121322104,0.092165914472,0.0921745155154,0.0925042221805,0.0922519249064,0.0927909236285,0.0929285403235,0.0933614595099,0.093355725481,0.0937886446674,0.094253101013,0.095161944603,0.0952508220519,0.0955375234998,0.0957181454121,0.0961768677288,0.0963918938147,0.0963030163659,0.0968162119577,0.097057041174,0.0973179394916,0.0970828443043,0.0975071624472,0.0975530346789,0.0979200125323,0.0980060229667,0.0979200125323,0.0984475431965,0.0983672667911,0.0982955914291,0.0985536227323,0.0989263346146,0.0989636058028,0.099359253801,0.0998007740308,0.0999125875955,0.100560532868,0.100904574605,0.101314557676,0.101976838021,0.101916630717,0.102349549903,0.102693591641,0.102467097497,0.102295076628,0.102375353033,0.102401156164,0.102624783293,0.102593246134,0.102561708975,0.102759532974,0.102664921496,0.10280827222,0.103547961956,0.104150034996,0.104451071517,0.10479224624,0.104918394877,0.10558640925,0.105884578756,0.106306029885,0.106796289361,0.106979778287,0.107125996026,0.107346756141,0.107535979096,0.108350211209,0.108674183845,0.108814667554,0.10902969364,0.10911283706,0.109130039147,0.109534288189,0.109485548943,0.109485548943,0.109955739317,0.109981542447,0.110076153925,0.10999587752,0.110107691085,0.110087621983,0.11071263114,0.111028002732,0.111366310441,0.111890974091,0.112226414785,0.112192010611,0.112128936293,0.11261346174,0.113155327476,0.114055570023,0.11398962869,0.114127245385,0.114454085035,0.114603169788,0.115119232395,0.115314189379,0.115798714826,0.116008006883,0.116022341956,0.116042411057,0.11619149581,0.116704691402,0.117048733139,0.117366971747,0.117326833544,0.117716747513,0.118215608033,0.118522378582,0.118786143914,0.119130185652,0.119299339506,0.119454158288,0.119560237823,0.119746593765,0.119783864953,0.119795333011,0.119758061823,0.120262656371,0.120549357819,0.120861862397,0.121377925003,0.12170189764,0.122008668189,0.122326906796,0.122880240591,0.123109601749,0.123880828644,0.123989775194,0.124199067251,0.124319481859,0.124958826088,0.125188187247,0.125684180752,0.126174440228,0.126679034776,0.127352783179,0.127246703643,0.127630883583,0.128574131347,0.128883768911,0.128783423404,0.129121731113,0.129124598127,0.129087326939,0.129118864098,0.129184805431,0.12960625656,0.129763942356,0.129583320444,0.129855686819,0.130323010179,0.130214063629,0.130626913714,0.130922216206,0.131171646465,0.131564427449,0.132137830345,0.132137830345,0.13213496333,0.132625222806,0.132926259327,0.133522598339,0.133921113351,0.134159075553,0.13411893735,0.134480181175,0.134460112073,0.134712409348,0.135260009113,0.135492237286,0.135784672763,0.13596816169,0.136188921804,0.136280666268,0.13671071844,0.136805329918,0.137086297337,0.137324259538,0.13745327519,