# R script for Peak Model
#  -- generated by MACS
p <- c(0.0385340253534,0.0449474060616,0.0514831511303,0.0579014925558,0.0643909375962,0.0644918055151,0.0647109038634,0.0648985843353,0.0650498862135,0.0650829576623,0.0651449666288,0.0652913077898,0.0652855202862,0.0653119774453,0.0653772935566,0.0654384757369,0.0653119774453,0.0653161113764,0.065416152509,0.0655112329243,0.0654723739719,0.0655856436841,0.0656889919616,0.0658262384741,0.0659444689035,0.0660717939814,0.0661619136794,0.0661809297624,0.0661726619002,0.0662445923014,0.0664909745949,0.0665008960296,0.0665223924713,0.0666712139909,0.0666927104326,0.0666182996728,0.0666273943212,0.0667340497436,0.0668679891112,0.0669027141325,0.067017637417,0.0670366535001,0.0670779928111,0.0670217713481,0.0671871285921,0.0674169751613,0.0675186698663,0.0676402074407,0.0676501288753,0.0676459949442,0.0675583556049,0.0675244573699,0.0677857218154,0.067934543335,0.0678378093472,0.0678221004091,0.0678981647413,0.0678551718579,0.0680329308951,0.0682197845809,0.0683710864591,0.068505852613,0.0684149061288,0.0684314418532,0.0685207347649,0.0686092008904,0.0686555009188,0.0687596759825,0.0688489688942,0.0688936153501,0.0690225940004,0.0691151940571,0.0692119280448,0.0693359459778,0.0695393353879,0.069667487252,0.0699246177664,0.0699105624007,0.069851860579,0.0698063873369,0.0698551677239,0.0699857999467,0.0700221785404,0.0702106857985,0.0701966304328,0.0701875357843,0.0701420625422,0.0702809626272,0.0703570269594,0.0704620288094,0.0706083699703,0.0706769932266,0.0708588861949,0.0707604986348,0.0709465255343,0.0710639291775,0.0711127095645,0.0713888561619,0.0714045651001,0.0714930312256,0.071497991943,0.0715748830614,0.0716443331039,0.0717898474786,0.0718592975211,0.0719262672049,0.0719626457986,0.0719237868462,0.071998197606,0.0720031583234,0.0719891029576,0.0720552458552,0.0721172548217,0.0721453655532,0.0721726494985,0.0722817852795,0.0724785603998,0.0724851746896,0.0727026194654,0.0728332516882,0.0729200642413,0.0730010892908,0.0730374678845,0.0730870750577,0.0731226268652,0.0731614858175,0.0730771536231,0.0733673555863,0.0733094805509,0.0734500342083,0.0736335807491,0.0738832701875,0.0738592933872,0.0741098096118,0.0741759525094,0.0742280400413,0.0743413097534,0.074242095407,0.0744124133683,0.0745422188048,0.0744926116316,0.0744215080167,0.0744818634108,0.0743900901404,0.0744537526793,0.0746488742272,0.0747976957468,0.0748431689889,0.0750415976817,0.0750449048266,0.0751730566907,0.0751986870635,0.0752970746237,0.0752821924717,0.0755492444207,0.0755707408625,0.0756319230427,0.0757476731135,0.0757294838167,0.0758229106595,0.075941141089,0.0760676393807,0.0762263823349,0.076429771745,0.0763429591919,0.0763694163509,0.0764008342273,0.0765273325189,0.0765356003811,0.076553789678,0.076561230754,0.0767745415987,0.0768597005794,0.0768687952278,0.0769721435053,0.0771160043076,0.0772458097441,0.0773260080074,0.0774632545199,0.0775285706313,0.0776988885926,0.0776691242887,0.0776393599848,0.0778303476016,0.0779419637413,0.0780742495365,0.0782495282151,0.078286733595,0.0782346460632,0.0781858656762,0.0783388211269,0.0783859479414,0.0785504783992,0.078610007007,0.07856122662,0.0785331158886,0.0786298498763,0.0786687088286,0.0789002089702,0.079207773444,0.0791300555394,0.0793243503011,0.0794996289797,0.0796046308296,0.0796881362378,0.0797691612874,0.0797418773421,0.0797782559358,0.0798394381161,0.0797799095082,0.0798493595507,0.0799006202964,0.0800676311128,0.0802156258462,0.0804049598905,0.0805413796168,0.0806356332459,0.0808514244493,0.080970481665,0.0811945407306,0.0814632462521,0.0816162017028,0.0815285623635,0.0815426177292,0.0815856106126,0.0816963999661,0.081748487498,0.0817286446287,0.0819196322455,0.082041996606,0.0820577055442,0.0820486108958,0.082173455615,0.0822346377953,0.0823247574933,0.0823702307354,0.0824983825995,0.0828439792394,0.0828729167571,0.0829713043173,0.0830242186353,0.0832466241285,0.0833921385032,0.0835393064504,0.0837360815707,0.0838468709242,0.0839642745674,0.083913840608,0.0838782888006,0.084060181769,0.0842610908204,0.0844140462711,0.0845165677624,0.0847348393244,0.0847034214481,0.0847621232697,0.0850035448459,0.0852028003249,0.0854574504807,0.0854094968799,0.0854343004665,0.0854607576256,0.0855806416274,0.0856806827601,0.085868363232,0.0860246258276,0.0861188794566,0.0860957294425,0.0862139598719,0.0864024671301,0.0866844012311,0.0868166870263,0.0870126353604,0.0869853514151,0.0870514943127,0.0871639372387,0.0872482694331,0.0875781571349,0.0877534358135,0.0878509965874,0.0878791073189,0.0880436377767,0.0881420253369,0.0884347076587,0.0885868363232,0.0887943596644,0.0889225115285,0.0890721598343,0.0891473973803,0.0892118867055,0.0893838582392,0.0894797654407,0.0895715387112,0.0895781530009,0.0898137870736,0.090010562194,0.0902346212596,0.0903387963233,0.0905645089613,0.0909142395324,0.0911970004196,0.0914293273474,0.0918203972294,0.0922759564366,0.092671987036,0.0930638837043,0.0932887695561,0.0935144821941,0.0939998057052,0.0941990611842,0.0943842612975,0.0946628882536,0.0947753311796,0.0950812420809,0.0951085260262,0.0951994725104,0.0954847137563,0.0955706995232,0.0956351888483,0.0959427533221,0.0961659856015,0.0963305160593,0.0965678037044,0.0965835126426,0.0969340699999,0.0972589969843,0.0974260078007,0.0978625509249,0.0978633777111,0.0981147207219,0.0982271636479,0.0983247244218,0.0985479567012,0.098761267546,0.0988563479612,0.0989671373147,0.0989100890655,0.0990795802406,0.0994995876404,0.0995872269797,0.0998443574941,0.100065936201,0.100165150547,0.100377634606,0.100539684705,0.100594252596,0.101141585073,0.101188711888,0.10113579757,0.101350761987,0.10150537101,0.101836912284,0.10203038026,0.102124633889,0.102258573256,0.102398300128,0.1023999537,0.10249834126,0.102724053898,0.102787716437,0.102982837985,0.102946459391,0.103077091614,0.103136620222,0.103279654238,0.10356572227,0.103781513474,0.104064274361,0.104299908433,0.104372665621,0.104423926366,0.104490069264,0.104579362176,0.104791846234,0.104939014181,0.105057244611,0.10514488395,0.10529370547,0.105415243044,0.105606230661,0.10586005403,0.106127932766,0.106416481157,0.106485931199,0.106643020581,0.106746368858,0.106751329576,0.106700895616,0.106763731369,0.106944797551,0.107082044064,0.107114288726,0.107059720836,0.107349096013,0.107454097863,0.107554965781,0.107852608821,0.10803863572,0.108060958948,0.108170094729,0.108214741185,0.108428878816,0.108787704035,0.109082866716,0.109464015163,0.109705436739,0.109825320741,0.109982410123,0.110293281742,0.110615728368,0.111002664319,0.111190344791,0.111182903715,0.111200266225,0.111267235909,0.111516098561,0.11164094328,0.111930318457,0.112118825716,0.112165125744,0.112100636419,0.112263513304,0.112436311624,0.112530565253,0.112476824149,0.112609109944,0.112786868981,0.112780254691,0.112820767216,0.112966281591,0.113254003196,0.113403651501,0.113678144526,0.11380629639,0.114036969746,0.114040276891,0.114250280591,0.114454496787,0.114452843214,0.114701705867,0.11468351657,0.114968757816,0.115081200742,0.115239943696,0.115463175975,0.115701290407,0.115815386905,0.116003894163,0.116222992511,0.116168424621,0.11636106581,0.116318899713,0.116356105093,0.116351971162,0.11643547657,0.116415633701,0.116389176542,0.116452012294,0.116621503469,0.116819932162,0.117063834097,0.11715726094,0.117329232474,0.117586362988,0.117739318439,0.117757507736,0.117905502469,0.117929479269,0.118033654333,0.117999756098,0.117807941695,0.117934439987,0.117881525669,0.11798404716,0.118120466886,0.1183296438,0.118361061676,0.118520631417,0.118674413654,0.118790990511,0.118962135258,0.119110956778,0.119401158741,0.119426789114,0.119472262356,0.119666557117,0.119737660732,0.119824473286,0.119859198307,0.120027862696,0.120111368104,0.120085737731,0.120123769897,0.120239519968,0.120331293238,0.120369325404,0.120560313021,0.120814963177,0.120862916778,0.12086457035,0.121010084725,0.120984454352,0.121025793663,0.121028274022,0.120905909661,0.120879452502,0.120924098958,0.120882759647,0.120862089992,0.120890200723,