# R script for Peak Model
#  -- generated by MACS
p <- c(0.039204044563,0.0457001502735,0.0522754767853,0.0589011318062,0.0654978945348,0.0654950985065,0.0654205377523,0.0653991015355,0.0655500870627,0.0656647242223,0.0656954805334,0.0658287578816,0.0657364889483,0.0657281008634,0.0657588571745,0.0657942735328,0.0659098427018,0.0660291399085,0.065951783126,0.0659489870977,0.0660254118708,0.0660794684176,0.0663255189065,0.0663544111988,0.0664653203206,0.0665137848109,0.0666899345927,0.0668129598371,0.0669769934964,0.0669126848459,0.0669872456001,0.0670394381281,0.0670795145334,0.0671699194479,0.067137299118,0.0672305000607,0.0671130668728,0.0671065428068,0.0670701944392,0.0671419591651,0.0671540752876,0.0671149308917,0.0671587353348,0.0671969477213,0.0673004007678,0.0672948087112,0.0674355421348,0.067542723219,0.0676312641146,0.0679295071314,0.0679919517631,0.0682007218749,0.0680991328472,0.0681047249038,0.0681308211678,0.0682454583274,0.068288330761,0.0682510503839,0.068482188722,0.0685381092876,0.0686257181738,0.0687515394466,0.0688978649267,0.0689444653981,0.0689873378318,0.0689500574547,0.0689994539543,0.0690656266237,0.0689090490398,0.0688298282385,0.0688820207664,0.0688214401536,0.0688969329173,0.0690954509254,0.0691187511611,0.0692576205658,0.069260416594,0.0692436404244,0.0694663906775,0.0695800958277,0.0697031210722,0.0697553136001,0.0698494465523,0.0697842058924,0.0699035030991,0.0698979110425,0.0700172082493,0.0701914940122,0.0701961540594,0.0701514176068,0.0702045421442,0.0702856269644,0.0702567346722,0.0703508676244,0.0704860089914,0.0705577737173,0.0706146262924,0.0706938470937,0.0706164903112,0.0707814559799,0.0707488356499,0.0708401725738,0.0709035492149,0.0710442826385,0.0711663758735,0.0711980641941,0.0712735569577,0.071431066551,0.0717507457846,0.0717898901806,0.071932487623,0.0719958642641,0.0722111584419,0.0723490958372,0.0722437787718,0.0724646650062,0.0726137865146,0.0726053984297,0.0725727780998,0.0724777131382,0.0724404327611,0.072453480893,0.0724255206102,0.0723546878937,0.0724572089308,0.0725354977227,0.0726967353536,0.0727983243813,0.0728309447112,0.0729250776634,0.0729427858425,0.0730350547759,0.0731133435678,0.073161808058,0.0732223886708,0.0732261167085,0.0730453068796,0.0730248026722,0.0731235956715,0.0732475529254,0.07348428332,0.073560708093,0.073593328423,0.0736650931489,0.0737424499314,0.0736445889415,0.0737927784405,0.0738747952701,0.0738785233079,0.073909279619,0.0739036875624,0.0739083476095,0.0740285768257,0.0740863614102,0.074146942023,0.0743687602668,0.0742802193712,0.0743035196069,0.0744619612095,0.0745206778035,0.0745933745388,0.0746567511799,0.0747089437079,0.0747182638021,0.0747145357644,0.0747518161415,0.0749857505079,0.0753287299772,0.0751208918749,0.0752047727233,0.0752662853456,0.0753604182978,0.0753343220338,0.0755328400419,0.0756633213617,0.075685689588,0.075788210625,0.0755421601361,0.075794734691,0.0758487912378,0.0758320150681,0.0759280120392,0.0759727484917,0.0760529013025,0.0761852466412,0.0763623284324,0.0763530083382,0.0765217020446,0.0766037188742,0.0767286081375,0.0769159420324,0.0768777296459,0.0771862247665,0.0771116640122,0.0771741086439,0.0772449413604,0.0773278901994,0.0773288222089,0.0774061789914,0.0774742156796,0.0773157740769,0.0774965839058,0.077455575491,0.0775748726978,0.077725858225,0.0778349033281,0.0778889598749,0.0780893419018,0.0781331463449,0.0783270043058,0.078621519285,0.0786811678883,0.0788172412648,0.0788619777173,0.0787520006048,0.0787743688311,0.0788191052836,0.0789421305281,0.079026943386,0.0789859349712,0.0791173483005,0.0791583567153,0.0792021611584,0.0794994721658,0.0797436586358,0.0797883950883,0.0799011682291,0.0799114203328,0.0799617488419,0.0802012752648,0.0803336206035,0.0803597168675,0.0804985862722,0.08037183299,0.0803942012163,0.0805228185173,0.0807884412042,0.0807185404971,0.0809086704203,0.0809105344392,0.0810531318816,0.0811985253523,0.0812824062008,0.0814967683692,0.0816160655759,0.0817633230654,0.081877960225,0.0821249427234,0.0822805882978,0.0824194577025,0.082348624986,0.0825592591166,0.0827643011907,0.0828519100769,0.0830914364998,0.0831846374426,0.0832228498291,0.0833878154978,0.083488472516,0.0836450500998,0.0839432931166,0.0840737744365,0.0840588622857,0.084164179351,0.0841809555207,0.0841893436055,0.0843776095099,0.0845416431692,0.0846972887436,0.0847690534695,0.0849032628271,0.0849983277887,0.0850570443826,0.0853403752486,0.0854456923139,0.0856274341523,0.0857243631328,0.0859974418951,0.0861419033564,0.0864000699678,0.0864597185712,0.0866218882116,0.0870096041335,0.0871419494722,0.0872528585941,0.087594906054,0.0878707808446,0.0880105822587,0.0882268084459,0.088405754256,0.0886322325469,0.0888260905079,0.0890665489402,0.089166273949,0.0894561288809,0.0895111174372,0.089680743153,0.0897357317092,0.0898895132648,0.0900647310372,0.0903732261577,0.0908215226924,0.0908643951261,0.0912278788028,0.0917451440352,0.0921515001456,0.0926128448123,0.0929847165739,0.0934553813348,0.0938477573039,0.0941432042924,0.0942084449523,0.0944582234789,0.0945905688177,0.0945225321294,0.0946847017698,0.0948860158062,0.0951758707382,0.0953874368783,0.0954685216985,0.0956735637725,0.0958646257052,0.0961367724581,0.0966363295113,0.0969532127166,0.0971927391395,0.0972188354035,0.0974611578547,0.0976242595045,0.0979364826628,0.0980492558035,0.0983857112069,0.0985609289793,0.0986112574884,0.0987669030628,0.0989812652311,0.0993149246062,0.0993866893321,0.0995460629443,0.099652312019,0.0998452379705,0.0999514870453,0.100189149449,0.100268370251,0.100512556721,0.100670066314,0.100564749249,0.100743695059,0.100942213067,0.1012618923,0.10150701078,0.101905910815,0.10204384821,0.102438088198,0.102590937744,0.102791319771,0.103141755316,0.103358913513,0.103468890625,0.103491258851,0.103783909812,0.103783909812,0.10406258063,0.104033688338,0.104401832062,0.104660930683,0.10492655337,0.105310541254,0.105614376327,0.105891183127,0.105960151825,0.106222978484,0.106390740181,0.106777524093,0.106776592084,0.107005866403,0.107194132307,0.107388922278,0.107624720663,0.107812054558,0.108024552707,0.108203498517,0.108484965364,0.108786936419,0.109224048841,0.109311657727,0.109488739518,0.10946916732,0.109575416395,0.109708693743,0.109948220166,0.110035829052,0.110223162947,0.11036482838,0.110395584691,0.110568938445,0.110831765103,0.111060107413,0.111288449723,0.111494423806,0.111680825692,0.112070405632,0.112299679952,0.112405929026,0.112626815261,0.112832789344,0.112915738183,0.113063927682,0.113277357841,0.113545776556,0.113737770498,0.113818855319,0.114053721694,0.114144126609,0.114228939467,0.114374332938,0.11461385936,0.114766708907,0.115041651688,0.11531473045,0.115393951251,0.115704310391,0.115793783296,0.116092958322,0.116318504604,0.116558963036,0.116669872158,0.117018443684,0.116994211439,0.117095800466,0.117362355162,0.117474196294,0.117503088586,0.117558077142,0.117868436282,0.11788800848,0.118160155233,0.118330712958,0.118495678626,0.118682080512,0.118811629822,0.118922538944,0.119149949245,0.119410911884,0.119510636893,0.12010246288,0.120192867794,0.12013508321,0.120415618047,0.120455694453,0.12063930031,0.120719453121,0.120897466921,0.121042860392,0.121133265307,0.120944067393,0.121104373014,0.121447352484,0.121509797115,0.121805244104,0.12174652751,0.122034518423,0.122246084563,0.12236538177,0.1224473986,0.122601180155,0.122780125965,0.122862142795,0.123226558481,0.123314167367,0.123689767167,0.123796948251,0.123920905505,0.1241082394,0.124382250171,0.124674901132,0.124868759092,0.124962892045,0.124913495545,0.125095237383,0.125213602581,0.125322647684,0.12552396172,0.125762556134,0.125781196322,0.125698247483,0.125787720388,0.126116719716,0.126096215509,0.126007674613,0.125968530217,0.125948958019,0.125905153576,0.125694519445,0.125777468284,0.125921929746,0.125875329274,0.125660967106,0.125822204737,0.125909813623,0.126166116216,0.126176368319,0.126300325573,0.126512823723,0.126508163676,0.126648897099,0.126624664854,0.126656353175,0.126506299657,0.126568744288,