# R script for Peak Model
#  -- generated by MACS
p <- c(0.0434029792695,0.0507544582491,0.0577752478628,0.0649677415703,0.0721729540996,0.0723955334805,0.0725672375743,0.0725354405199,0.0725163622872,0.0726499099158,0.0728406922422,0.0727770981334,0.0731713816081,0.0730187557469,0.0733049292366,0.0734193986325,0.0738454791616,0.0742779191016,0.073877276216,0.0741888873492,0.0744496231954,0.074309716156,0.0745958896457,0.07484390667,0.0748566254918,0.0745640925912,0.0743987479083,0.0741252932404,0.0743669508539,0.0743733102648,0.0743478726213,0.0744241855518,0.0742334032254,0.0742270438145,0.0743415132104,0.0743542320321,0.0739726673792,0.0738264009289,0.0736419780134,0.0733812421672,0.0732476945387,0.0737182909439,0.0741125744186,0.074036261488,0.0734193986325,0.0739472297357,0.0742779191016,0.0744877796607,0.0748566254918,0.0751300801597,0.0748820631353,0.0745259361259,0.0742779191016,0.0742206844036,0.0744432637845,0.0743351537995,0.0743478726213,0.0744305449627,0.0742143249927,0.0742969973342,0.074309716156,0.0744623420171,0.0743860290865,0.0747230778633,0.074952016655,0.0747548749177,0.0745195767151,0.0745259361259,0.0748184690265,0.0744623420171,0.0749392978333,0.07484390667,0.0753272218971,0.0753780971841,0.0754544101147,0.0753780971841,0.0758423341785,0.075600676565,0.0752063930903,0.0756833489065,0.0755243636344,0.0758232559459,0.0757024271391,0.0757978183023,0.0760076788615,0.0762111800097,0.0764591970341,0.0768852775632,0.0769806687264,0.0767708081673,0.0766372605388,0.0764973534994,0.0762938523511,0.0757978183023,0.0757787400697,0.0760458353267,0.0755815983324,0.0754734883474,0.0756261142085,0.0754734883474,0.0760076788615,0.0758614124112,0.0756388330303,0.0759313659309,0.0761666641335,0.0760712729703,0.0760013194506,0.0756769894956,0.0755116448127,0.0757151459609,0.0752509089665,0.0751555178033,0.0753081436644,0.0754289724712,0.0749647354768,0.0745386549477,0.0748311878483,0.0751046425162,0.0757596618371,0.0758423341785,0.0761539453117,0.0761157888464,0.0759504441635,0.0758741312329,0.0759440847526,0.0760013194506,0.0760967106138,0.0764464782123,0.0760267570941,0.0758486935894,0.0759186471091,0.0759568035744,0.0764719158558,0.0762238988314,0.0762429770641,0.0770633410679,0.0771396539984,0.0770697004787,0.0769679499046,0.0772668422161,0.0774449057208,0.0775784533493,0.0771587322311,0.0777437980322,0.0774003898446,0.077056981657,0.0773113580923,0.0772032481073,0.0773558739684,0.0770697004787,0.0765863852517,0.0771778104637,0.0774131086664,0.077273201627,0.0778328297846,0.0777374386214,0.0773876710228,0.0776420474581,0.0775084998296,0.0776293286364,0.0783797391204,0.078239832081,0.0783034261898,0.078080846809,0.0782589103137,0.0784496926401,0.0783543014769,0.0779854556457,0.0782716291354,0.0786595531992,0.0782016756157,0.0784624114619,0.0782334726701,0.0788503355257,0.078888491991,0.0787867414169,0.0790156802086,0.0792573378221,0.0794544795595,0.0795180736683,0.0796389024751,0.079479917203,0.0797024965839,0.0796706995295,0.0792891348766,0.0792446190004,0.0793272913418,0.0794036042724,0.0790283990304,0.0787931008278,0.0788439761148,0.0788694137583,0.0787295067189,0.0788248978822,0.0789012108128,0.0790729149066,0.0792191813569,0.0791810248916,0.0795053548465,0.0796325430642,0.0797660906927,0.0796389024751,0.0799886700736,0.0801603741674,0.080287562385,0.0800141077171,0.0797024965839,0.0799759512518,0.0804083911918,0.0799886700736,0.0799886700736,0.0801412959347,0.0802239682762,0.0800395453606,0.0803130000286,0.0806436893944,0.0807772370229,0.080561017053,0.0799441541974,0.0805673764638,0.0807136429141,0.0806945646815,0.0805673764638,0.0805991735182,0.0803511564938,0.0805419388203,0.0807263617359,0.0805991735182,0.0806055329291,0.0797978877471,0.0799187165539,0.0794862766139,0.0792255407677,0.0794226825051,0.0797088559948,0.0795498707227,0.0792382595895,0.0789584455107,0.0796134648315,0.0804910635332,0.0803257188503,0.0807645182012,0.0810061758147,0.0807390805576,0.0807136429141,0.080987097582,0.0814131781111,0.0818583368729,0.0818201804076,0.0820999944864,0.0823416520999,0.0822780579911,0.082392527387,0.0823225738673,0.0823416520999,0.0822462609367,0.0822399015258,0.0821508697734,0.0821508697734,0.0818964933382,0.0816739139573,0.0819728062688,0.0821699480061,0.082500637372,0.0824751997284,0.0827486543964,0.0829903120099,0.0835562995784,0.0835054242913,0.0836707689742,0.0837407224939,0.0835562995784,0.084332147706,0.0844974923889,0.084923572918,0.0850126046703,0.0848281817548,0.0844021012257,0.084440257691,0.0841922406666,0.0838361136572,0.083899707766,0.0834545490043,0.0837280036722,0.083467267826,0.0833845954846,0.0837280036722,0.0838551918898,0.0835435807566,0.0837598007266,0.0842621941863,0.0847137123589,0.0847836658786,0.0841222871469,0.0841032089142,0.0839887395183,0.0839315048204,0.0843194288842,0.0852606216947,0.0858520469068,0.0864053156535,0.0866533326779,0.0869522249893,0.0876517601864,0.0885802341751,0.0892161752633,0.0899729451583,0.0909650132559,0.0914546878938,0.0921542230908,0.0928855553422,0.0928728365205,0.0929237118075,0.0933243546931,0.0930636188469,0.0936359658263,0.0935660123066,0.0929173523966,0.0927647265355,0.0926629759614,0.092357724239,0.0932671199952,0.0932607605843,0.0937186381678,0.0941129216425,0.0942909851472,0.0941256404642,0.0945326427607,0.0948251756612,0.0943100633798,0.0944499704192,0.0942846257363,0.094678909211,0.0943100633798,0.0941510781077,0.0938585452072,0.0943100633798,0.094405454543,0.0943418604342,0.0948887697701,0.0951113491509,0.094570799226,0.0949014885918,0.0949523638789,0.0951495056162,0.0948951291809,0.0949968797551,0.0947234250871,0.094513564528,0.0943482198451,0.0941065622316,0.0950986303292,0.0944118139539,0.0947361439089,0.0948887697701,0.095594664378,0.0954929138038,0.09575364965,0.0960271043179,0.0962115272335,0.0967647959802,0.096561294832,0.0969237812523,0.097152720044,0.0975024876426,0.0971590794549,0.0971209229896,0.0975279252861,0.0972799082617,0.0976614729146,0.0972799082617,0.0978268175975,0.0983164922354,0.0982147416613,0.0980112405131,0.0983037734137,0.0982783357702,0.098392805166,0.0986281033687,0.0982656169484,0.0985835874925,0.0983228516463,0.098068475211,0.0982465387157,0.0981193504981,0.0977505046669,0.0983737269334,0.0985772280816,0.0992767632786,0.0998427508471,0.0994675456051,0.0991877315263,0.0989842303781,0.0990478244869,0.0993975920854,0.0994293891398,0.0993276385657,0.0990223868433,0.098500915151,0.0979921622805,0.0979158493499,0.0983355704681,0.0987425727645,0.0985454310272,0.0985835874925,0.0989842303781,0.099041465076,0.0991432156501,0.0993721544419,0.0994866238377,0.0998936261342,0.0991559344719,0.0991432156501,0.0991686532936,0.099308560333,0.0994421079616,0.0995502179466,0.0996265308771,0.0996265308771,0.0997600785057,0.0998236726145,0.100688552494,0.100644036618,0.100815740712,0.100694911905,0.100262471965,0.0999445014212,0.100014454941,0.100084408461,0.100408738416,0.100217956089,0.100109846104,0.100446894881,0.100745787192,0.100491410757,0.101267258885,0.101343571815,0.101184586543,0.101190945954,0.100917491286,0.101120992434,0.101000163628,0.10137536887,0.100783943658,0.101445322389,0.10123546183,0.101547072963,0.101845965275,0.101858684097,0.102157576408,0.102329280502,0.102806236318,0.102424671665,0.102736282798,0.103156003917,0.103461255639,0.103588443857,0.103569365624,0.103823742059,0.103632959733,0.103747429129,0.103022456288,0.102907986892,0.102946143358,0.102545500472,0.102380155789,0.102488265774,0.102551859883,0.102373796378,0.102291124037,0.101674261181,0.101909559384,0.102208451695,0.102278405215,0.102418312254,0.102093982299,0.101890481151,0.101871402918,0.102303842858,0.102704485744,0.103588443857,0.104338854341,0.103950930277,0.104122634371,0.104008164975,0.104415167271,0.104758575459,0.105089264825,0.104962076607,0.104853966622,0.104637746652,0.104485120791,0.10491120132,0.104917560731,0.104561433722,0.104612309009,0.104364291984,0.104122634371,0.103861898525,0.103811023237,0.104065399673,0.103747429129,0.103454896228,0.103741069718,