# R script for Peak Model
#  -- generated by MACS
p <- c(0.0406289063916,0.0473563503284,0.0541368956833,0.0608314673137,0.0676170699464,0.0675083384714,0.0675728187647,0.0675108671104,0.0676259201828,0.0675677614868,0.0677131582267,0.0677700526031,0.0676410920165,0.0677194798241,0.0676727000034,0.0677346516578,0.0676549995307,0.0676739643229,0.0677637310058,0.0678231540212,0.0677131582267,0.0676777572813,0.0678395901744,0.0678282112991,0.0678244183407,0.0678459117718,0.0679584362052,0.0679521146078,0.067862347925,0.067968550761,0.0679217709404,0.0680254451375,0.0679875155532,0.0680418812907,0.0679116563846,0.0681190047788,0.0679710794,0.0679432643715,0.0681948639474,0.0680026873869,0.0679470573299,0.0678484404107,0.067862347925,0.0678509690497,0.0680102733038,0.0679432643715,0.0678534976886,0.0679900441921,0.0677649953252,0.0678964845508,0.068082339514,0.0679660221221,0.067835797216,0.0679837225948,0.0680646390413,0.0681227977372,0.0681784277942,0.0681670489189,0.0682745160745,0.0681468198073,0.0681455554878,0.068328881812,0.0683756616326,0.0682719874355,0.0682365864901,0.0679799296363,0.0680128019427,0.0679786653168,0.0679963657895,0.0681758991552,0.0682011855448,0.0682391151291,0.0683743973131,0.068411062578,0.0684464635233,0.0686272612085,0.0684755428713,0.0684717499129,0.068601974819,0.0683883048274,0.0683920977858,0.0684060053001,0.068328881812,0.0682340578512,0.0683718686742,0.0683415250067,0.0686803626265,0.068657604876,0.068408533939,0.068572895471,0.0685640452347,0.068546344762,0.0685450804425,0.068628525528,0.0686892128629,0.0687056490161,0.0686740410292,0.0687005917382,0.0687385213225,0.0687840368237,0.0689825349815,0.0691671256252,0.0694250467985,0.0694579191049,0.0692139054458,0.0691835617784,0.0690470152749,0.0691152885266,0.0692290772795,0.069452861827,0.06920379089,0.0690343720801,0.06879288706,0.0688700105481,0.0688674819091,0.0689256406051,0.0691114955682,0.0690495439138,0.0689711561062,0.0688409312001,0.0688573673533,0.0689901208984,0.0690760946228,0.0692771214197,0.0693441303519,0.0694149322427,0.0692164340848,0.0691911476952,0.0693276941987,0.0693959674505,0.0694427472711,0.069505963245,0.069561593302,0.0694263111179,0.0695084918839,0.0695514787462,0.069752505543,0.0698245717532,0.0698093999195,0.0698334219895,0.0700609994954,0.0699484750619,0.0699952548826,0.0698561797401,0.0699876689657,0.0699813473683,0.0699927262436,0.0701684666509,0.0701292727471,0.07002559855,0.0699826116878,0.0701785812067,0.0701532948172,0.0704251235047,0.0703555859335,0.0704504098943,0.0705970709536,0.0705667272861,0.0707083310676,0.0706982165118,0.0707247672208,0.0705363836187,0.0707045381091,0.0705325906603,0.0705161545071,0.0708259127789,0.0708537278074,0.0708347630153,0.0707715470414,0.0710762480354,0.0709826883941,0.0711988870246,0.0712962396243,0.0716350772442,0.0717299012049,0.0714681870732,0.071425200211,0.071504852338,0.0717197866491,0.0716856500232,0.0717842669424,0.0718120819709,0.0718689763474,0.0717071434544,0.0718538045137,0.0719423068771,0.0719524214329,0.0721079327285,0.0719397782381,0.0718613904305,0.0721306904791,0.0722710299411,0.0721433336739,0.0723241313591,0.0724543562652,0.0726275680336,0.072769171815,0.0727805506903,0.0730106568351,0.0731295028659,0.0729259474301,0.0729474408612,0.0731952474787,0.0732470845773,0.0732394986604,0.0733254723848,0.0733950099561,0.0735138559869,0.0735606358076,0.0736010940308,0.073726261659,0.0736377592956,0.0736074156282,0.0736605170462,0.0736858034358,0.0736074156282,0.0735796005997,0.0736314376983,0.0737566053265,0.0739348743727,0.0740107335413,0.0743166988548,0.0744507167193,0.0745379547632,0.074606228015,0.0746972590173,0.0750108102476,0.0752004581691,0.0753445905895,0.0754760798151,0.0755696394564,0.0757137718768,0.0757883667259,0.0758250319908,0.0760210015097,0.0760121512733,0.0761019179562,0.0761803057638,0.0763294954621,0.0763762752827,0.0765368438563,0.0765065001888,0.0767517781674,0.0769123467409,0.0770059063822,0.0772752064308,0.0773144003346,0.0773649731137,0.0774977266588,0.0777556478321,0.0779705821431,0.0782070098853,0.0781791948568,0.0783966578069,0.0784952747261,0.0786444644243,0.0787620461357,0.0788897424029,0.0789479010988,0.0789137644729,0.0792020293137,0.0793031748718,0.0794068490689,0.0794902941544,0.0797570655641,0.0798506252053,0.0800554449606,0.0801945201031,0.0803626745935,0.0804423267206,0.0806243887252,0.0808608164674,0.0812350550326,0.0812957423675,0.0814449320658,0.0817218180312,0.0818937654801,0.0820290476641,0.082200995113,0.0824563876473,0.082391907354,0.0823438632139,0.0824032862293,0.0826005200677,0.0827939609477,0.0829747586329,0.0830898117053,0.0833679619902,0.0834412925199,0.0837447291943,0.0839204696016,0.0840203508403,0.0842112630813,0.0843655100575,0.0842959724863,0.0842428710683,0.0844843560883,0.0847473345396,0.0849268679053,0.0850975510347,0.085408573626,0.0861494648395,0.0866880649367,0.0871849424911,0.0877159566714,0.0883784600773,0.0889069456187,0.0891699240699,0.0898817359354,0.0904405651442,0.0910095089089,0.0911877779551,0.0915455803671,0.0919678630724,0.0923572734713,0.0925760007408,0.0928326575946,0.0932966628426,0.0932195393546,0.0932511473415,0.0934622886941,0.0936898662,0.0937884831192,0.0939250296227,0.0941349066559,0.0944193785382,0.0947000574621,0.0949036128978,0.0952449791566,0.0955206008026,0.0956242749997,0.095770936059,0.0959567910221,0.0964536685766,0.0965143559115,0.0968253785028,0.097088356954,0.0972198461796,0.0977331598872,0.0981465923562,0.0985499102694,0.0990126511979,0.0992882728439,0.0990493164627,0.0996321677416,0.0996132029495,0.0998218156632,0.100067093642,0.100161917602,0.100380644872,0.100412252859,0.100475468833,0.100629715809,0.100899015858,0.100718218172,0.101140500878,0.101172108865,0.101422444121,0.101442673233,0.101528646957,0.101753695824,0.102044489304,0.102189886043,0.102277124087,0.102737336377,0.102832160338,0.103256971682,0.103298694225,0.103782928584,0.103834765683,0.104129352121,0.104235554957,0.104449224949,0.104991618004,0.105422750946,0.105736302176,0.105861469805,0.106038474531,0.106192721507,0.106683277465,0.106803387815,0.106883039942,0.107013264848,0.107017057806,0.106857753552,0.106965220708,0.107071423544,0.107530371514,0.107611287961,0.107689675768,0.10795012558,0.108306663673,0.108658144488,0.108892043591,0.109296625823,0.109574776108,0.109790974739,0.10993257852,0.110214521764,0.110444627908,0.110535658911,0.110716456596,0.11094909138,0.111397924794,0.111663431884,0.111864458681,0.11210973666,0.112363864874,0.112467539072,0.112667301549,0.11290752225,0.113296932648,0.113480258973,0.113634505949,0.113815303634,0.113887369844,0.114281837521,0.114651018808,0.115063186958,0.115346394521,0.115581557943,0.115400760258,0.115484205344,0.115749712434,0.116054413428,0.116608185359,0.11667645861,0.116713123875,0.116859784934,0.117102534274,0.117438843255,0.118086174827,0.11870822001,0.11890166089,0.118914304084,0.119090044492,0.11938463093,0.119560371337,0.119833464344,0.119962424931,0.119968746528,0.11981955683,0.119906794874,0.120122993504,0.120203909951,0.120317698704,0.120436544735,0.120824690814,0.120920779094,0.121019396014,0.121405013454,0.121906948286,0.122153490584,0.122056137985,0.122489799565,0.122723698669,0.122738870502,0.122818522629,0.123116902026,0.123524012897,0.123813542058,0.123702281944,0.123829978211,0.124354670794,0.124616384926,0.124513975048,0.12475040279,0.124984301893,0.125050046506,0.125393941404,0.125521637671,0.125612668673,0.12571634287,0.125654391216,0.125792202039,0.126338388053,0.126578608754,0.126763199397,0.127033763765,0.127008477376,0.126895952942,0.127487654458,0.127558456348,0.127782240896,0.127866950301,0.127855571425,0.128026254555,0.128329691229,0.128408079037,0.128529453707,0.128902427952,0.128927714342,0.129223565099,0.129427120535,0.129491600829,0.129630675971,0.129935376965,0.129762165197,0.129848138921,0.129839288685,0.129700213542,0.129950548799,0.129745729043,0.129725499932,0.129974570869,0.12989997602,0.129678720111,0.129677455792,0.129678720111,