# R script for Peak Model
#  -- generated by MACS
p <- c(0.0397995298497,0.0465755816072,0.0533304093318,0.0599400199895,0.06657085468,0.066679208953,0.0666501655396,0.0665194701793,0.0665998980934,0.0665194701793,0.0667507004322,0.066623356235,0.0664301058304,0.0664312228848,0.0665116507988,0.0666144198001,0.0664781391679,0.0665082996357,0.0666557508114,0.0666948477141,0.0667551686496,0.066849001216,0.0670668268165,0.0670891679037,0.0671818834158,0.0671975221768,0.0672835353627,0.067377367929,0.0673985919619,0.0673985919619,0.067269013656,0.0673181640479,0.0673516756787,0.0674790198759,0.0674689663867,0.0674522105713,0.0675907253121,0.0675572136813,0.0675538625182,0.0676041299644,0.0677001966395,0.0677515811402,0.0677426447053,0.0677147183462,0.067692377259,0.0675963105839,0.0674119966143,0.0674443911907,0.0673863043639,0.0674622640605,0.0674712004954,0.067401943125,0.0674030601794,0.0672880035801,0.0672287996989,0.0672299167533,0.0673784849834,0.0675091803437,0.0673002911781,0.0672678966016,0.0671103919366,0.0671349671326,0.067074646197,0.0672287996989,0.0673416221895,0.0674242842122,0.0674287524297,0.0674052942881,0.0676890260959,0.0677929121516,0.067995098991,0.0679906307736,0.0680286106219,0.068059888144,0.0679001493703,0.0680163230239,0.0679169051857,0.0678532330871,0.0677962633146,0.067704664857,0.0677594005207,0.0677951462603,0.0677929121516,0.0676309392691,0.0677314741617,0.0676901431503,0.0677560493576,0.0677236547811,0.0677247718355,0.0676354074866,0.0676041299644,0.0674611470062,0.0674399229733,0.0676097152363,0.0677739222274,0.0677024307483,0.0676320563235,0.0677247718355,0.0677984974234,0.0678331261086,0.0678141361844,0.0680062695346,0.0680118548064,0.0679638214689,0.0679001493703,0.0680632393071,0.0683570246042,0.0683648439847,0.0682732455271,0.0683514393324,0.0683145765384,0.0681615400909,0.068164891254,0.0683089912666,0.0683391517344,0.0682062222654,0.0680744098507,0.068100102101,0.0681146238077,0.0682631920378,0.0682285633526,0.0683793656914,0.0684597936054,0.0684966563994,0.0684810176383,0.0688284215448,0.0688976789152,0.069036193656,0.0693523200404,0.0693288618988,0.0694461526067,0.0693780122907,0.0693735440732,0.0692394975498,0.0692596045284,0.0690920463741,0.06896805334,0.0687736858811,0.0686228835422,0.0686195323791,0.0686731509885,0.0688496455776,0.0688619331756,0.0689781068292,0.069060768852,0.0691121533526,0.0691155045157,0.0691188556788,0.0689859262098,0.0689915114816,0.0690685882325,0.069113270407,0.069128909168,0.0690976316459,0.0689133176763,0.0690049161339,0.0692439657673,0.0694919518356,0.0696852022401,0.0699130813299,0.0699454759064,0.0700046797875,0.0699209007104,0.0698605797749,0.0698963255145,0.0698214828722,0.0697019580555,0.0697030751099,0.0697421720126,0.0694573231504,0.0694595572591,0.0694394502806,0.0696058913804,0.0696717975878,0.0697667472085,0.0696773828596,0.0698304193071,0.0696572758811,0.0696606270442,0.0697075433274,0.0696315836308,0.0694696107483,0.0695243464121,0.0696863192945,0.0698315363615,0.0701889937572,0.0701007464626,0.0702917627585,0.0703152209001,0.0703710736181,0.0704537356409,0.0706402837193,0.0708313000151,0.0708089589279,0.0705922503817,0.0703587860202,0.070444799206,0.0703989999772,0.0705040030872,0.0707575744273,0.0708011395474,0.0708994403312,0.070932951962,0.0709765170821,0.0713395597497,0.0713496132389,0.0714356264248,0.0716534520253,0.0716098869052,0.0716478667535,0.0718567559191,0.0719282473982,0.0718299466144,0.0720924543894,0.0721382536182,0.0724208683717,0.0724275706979,0.0724208683717,0.0726029482326,0.0725403931884,0.0725537978407,0.0725169350468,0.0725940117977,0.0725258714817,0.0727180048319,0.0726833761467,0.0729168405083,0.0729637567914,0.0729146063995,0.0731279637826,0.0732039234792,0.0734619630367,0.0736607987131,0.0739031995096,0.0739054336183,0.0740372460329,0.0741880483718,0.0744594925816,0.0746907228345,0.0747856724552,0.0749387089028,0.0748180670317,0.0748147158686,0.0746817863996,0.0746627964754,0.0746996592694,0.0747778530747,0.074791257727,0.0749677523162,0.0749956786752,0.0751353104704,0.0753777112669,0.0755955368674,0.0758468740987,0.076026719851,0.0763707725943,0.076385294301,0.076434444693,0.0764891803567,0.0767472199142,0.0769438214818,0.0771873393327,0.0773627168674,0.0774934122278,0.0776821944149,0.07756825487,0.0777827293074,0.0780407688649,0.0780307153757,0.0781044409636,0.0782887549332,0.0784228014566,0.078581423176,0.0787400448953,0.0789277100281,0.079214792999,0.0792136759446,0.0793454883593,0.0795957085363,0.0798548651482,0.0797587984731,0.0798157682455,0.0797386914946,0.0800291256286,0.0801218411406,0.0802469512291,0.0805977062987,0.0810020799776,0.08116405286,0.0813383133404,0.0815784800282,0.0817192288777,0.0819660978916,0.0818957234668,0.0820990273607,0.0824106855275,0.0826173405844,0.0827435677273,0.0830764499271,0.0832004429612,0.0834797065516,0.0839946686123,0.0844906407489,0.0849799105592,0.0854725315327,0.0860176540612,0.0864164424683,0.0866856525694,0.0870408758564,0.0875446673735,0.0879981914443,0.0883891604709,0.0887052868552,0.0889130589665,0.0889767310651,0.0889934868805,0.0893375396239,0.0895564822787,0.0898882474241,0.089961973012,0.0902133102434,0.090212193189,0.0904735839096,0.0907818909134,0.0911706258313,0.0915247320639,0.0918319220133,0.0923211918237,0.0924038538465,0.0926942879805,0.0928663143522,0.0930852570071,0.0933544671082,0.0936113896114,0.0938627268427,0.0938839508756,0.0939241648326,0.0939163454521,0.0942090136948,0.0944324245672,0.0947217416468,0.0950121757808,0.0951339347063,0.0953752184484,0.0954556463624,0.0959337456292,0.0960119394345,0.0962431696873,0.0964755169945,0.0967614829111,0.0968620178037,0.0969536162613,0.0972317627973,0.0976350194219,0.0979131659579,0.0979801892196,0.0982572187013,0.0983309442892,0.0986537729997,0.0987911706862,0.0990838389289,0.0992960792576,0.0995988009896,0.0997429010022,0.0999417366786,0.100231053758,0.100623139839,0.100906871647,0.100861072418,0.101187252292,0.101484388752,0.101746896527,0.102035096552,0.102226112848,0.102584687298,0.102838258638,0.103058318347,0.103250451698,0.103607909093,0.103647005996,0.104030155642,0.10425244946,0.104449051028,0.104548468866,0.104749538651,0.105019865806,0.105293544125,0.105554934846,0.105894519372,0.106144739549,0.106192772886,0.106463100042,0.106510016325,0.106795982241,0.107176897779,0.10736679702,0.107343338879,0.107915270712,0.10795325056,0.108396721142,0.10868827233,0.108961950649,0.109340632077,0.109591969309,0.109672397223,0.109940490269,0.110497900396,0.110482261635,0.111066481066,0.111206112861,0.111445162494,0.111734479574,0.112138853253,0.112501895921,0.112863821534,0.113110690548,0.113120744037,0.11342123166,0.113592140977,0.113828956502,0.113976407678,0.114190882115,0.114302587551,0.114671215491,0.114848827134,0.115154900029,0.115625179916,0.115825132646,0.116025085377,0.116273071445,0.116665157526,0.116994688563,0.117284005643,0.117370018828,0.117735295605,0.118050304935,0.118300525112,0.118709367008,0.118991981761,0.119509177931,0.119853230674,0.12007999271,0.120071056275,0.120329095832,0.120529048563,0.120750225327,0.120990392014,0.121037308298,0.121364605226,0.121240612191,0.121273006768,0.121558972684,0.122097392887,0.122277238639,0.1224593185,0.122613472002,0.122854755744,0.12303571855,0.123195457324,0.123542861231,0.123804251951,0.124046652748,0.124198572141,0.124731407071,0.125000617173,0.125184931142,0.125353606351,0.125955698652,0.126380179309,0.126777850662,0.127242545276,0.127632397248,0.127759741446,0.127626811977,0.127907192621,0.128160763962,0.128466836857,0.128578542293,0.128545030662,0.128791899676,0.128673491913,0.128777377969,0.129154942343,0.129511282685,0.129789429221,0.13026306027,0.130318912988,0.130387053304,0.13070094558,0.130931058778,0.131309740207,0.131601291395,0.131730869701,0.131946461193,0.131850394518,0.131869384442,0.132175457337,0.132320674404,0.132338547274,0.132246948816,0.132192213153,0.132263704632,0.132407804644,0.132518393026,0.132803241888,0.132890372129,0.13293952252,0.133231073709,