# R script for Peak Model
#  -- generated by MACS
p <- c(0.0441285767373,0.0511763349095,0.05886479837,0.0665532618306,0.0730404028755,0.0719992567819,0.072239521265,0.0727200502313,0.0723996975871,0.0730404028755,0.0728001383923,0.0725598739092,0.0727200502313,0.0728802265534,0.0740815489691,0.075523135868,0.0749625187406,0.0740815489691,0.0740014608081,0.0727200502313,0.0723996975871,0.0717589922987,0.0707178462051,0.0708780225272,0.0700771409167,0.0681550250516,0.0675944079242,0.0691961711452,0.0702373172388,0.070477581722,0.0703974935609,0.0709581106882,0.0719191686208,0.0713585514935,0.0735209318418,0.0740815489691,0.0748824305796,0.0748824305796,0.0740815489691,0.0732806673586,0.0742417252912,0.0747222542575,0.0747222542575,0.0744819897743,0.0732806673586,0.0732005791976,0.0736010200028,0.0718390804598,0.0729603147144,0.0740014608081,0.0732806673586,0.0745620779354,0.073921372647,0.0734408436807,0.0723996975871,0.0727200502313,0.0734408436807,0.0748023424185,0.0743218134522,0.0740815489691,0.0743218134522,0.0736010200028,0.0741616371302,0.0744019016133,0.0748824305796,0.0732806673586,0.0723196094261,0.0732806673586,0.0715988159766,0.0718390804598,0.0732005791976,0.0729603147144,0.0716789041377,0.0720793449429,0.0719992567819,0.0726399620702,0.0740014608081,0.0719992567819,0.0736811081639,0.0724797857482,0.0697567882725,0.0691160829841,0.0699970527557,0.0694364356283,0.0708780225272,0.0723196094261,0.0701572290778,0.0714386396545,0.0711983751714,0.0731204910365,0.0746421660964,0.0752027832238,0.075523135868,0.0764041056395,0.0752828713848,0.0751226950627,0.0760837529953,0.0756833121901,0.0748824305796,0.0732806673586,0.0718390804598,0.0699169645946,0.0695966119504,0.0690359948231,0.0687156421789,0.0683152013737,0.0686355540179,0.0678346724074,0.0679147605684,0.0683952895347,0.0691160829841,0.0711182870103,0.070557669883,0.0694364356283,0.0687156421789,0.0699970527557,0.0703974935609,0.0718390804598,0.0723196094261,0.0719992567819,0.0727200502313,0.0732005791976,0.0740014608081,0.0749625187406,0.0756833121901,0.0745620779354,0.0742417252912,0.0741616371302,0.0744819897743,0.0760837529953,0.0764841938005,0.0758434885122,0.0763240174784,0.0770448109279,0.0763240174784,0.0759235766732,0.0764041056395,0.0760837529953,0.0760036648342,0.0757634003511,0.0766443701226,0.0767244582837,0.075523135868,0.0763240174784,0.0776054280552,0.0780058688604,0.0778456925383,0.0781660451825,0.0788067504709,0.078966926793,0.0776054280552,0.0773651635721,0.0785664859878,0.078966926793,0.0794474557593,0.0810492189803,0.0820903650739,0.0812894834634,0.0800881610477,0.0797678084035,0.078886838632,0.0794474557593,0.0780859570215,0.0762439293174,0.0768045464447,0.0736010200028,0.0719992567819,0.0732005791976,0.073841284486,0.0729603147144,0.0740014608081,0.0733607555197,0.0729603147144,0.0742417252912,0.0729603147144,0.0743218134522,0.0744019016133,0.0732005791976,0.0726399620702,0.0728802265534,0.0736811081639,0.0732806673586,0.0748023424185,0.0749625187406,0.0744819897743,0.0754430477069,0.0744019016133,0.0744819897743,0.0735209318418,0.0748824305796,0.075603224029,0.0767244582837,0.0759235766732,0.0740014608081,0.0743218134522,0.0731204910365,0.0744819897743,0.0752027832238,0.0768846346058,0.0753629595459,0.0746421660964,0.0752828713848,0.0764841938005,0.0779257806994,0.0784863978267,0.0794474557593,0.0795275439203,0.0802483373698,0.0795275439203,0.0804886018529,0.0804085136919,0.0794474557593,0.0804085136919,0.080648778175,0.0808089544971,0.0797678084035,0.0791271031151,0.0797678084035,0.0812894834634,0.0811293071413,0.0810492189803,0.0817700124297,0.0800080728866,0.0784063096657,0.0780058688604,0.080648778175,0.0812093953023,0.0790470149541,0.078966926793,0.0785664859878,0.0786465741488,0.07720498725,0.0765642819616,0.0775253398942,0.0768846346058,0.0743218134522,0.0752828713848,0.0758434885122,0.075523135868,0.0764041056395,0.077285075411,0.0782461333436,0.080648778175,0.0804085136919,0.0808890426582,0.0812093953023,0.0804085136919,0.0804886018529,0.0801682492087,0.0792872794372,0.0781660451825,0.0770448109279,0.0759235766732,0.0763240174784,0.0769647227668,0.0776054280552,0.0768045464447,0.077285075411,0.0771248990889,0.0780058688604,0.0777656043773,0.0797678084035,0.078966926793,0.0799279847256,0.0795275439203,0.0800881610477,0.082330629557,0.0831315111675,0.0836120401338,0.0831315111675,0.0832916874896,0.082330629557,0.0827310703623,0.0814496597855,0.0811293071413,0.0804886018529,0.0792872794372,0.0798478965645,0.0795275439203,0.0800881610477,0.0796877202424,0.0796076320814,0.0802483373698,0.0814496597855,0.0815297479465,0.0832115993285,0.0846531862274,0.0836120401338,0.0841726572611,0.0842527454222,0.0844930099053,0.0865753020925,0.0874562718641,0.0869757428978,0.0876164481862,0.085694332321,0.0836921282948,0.0838523046169,0.0858545086431,0.0868155665757,0.0883372416356,0.0879368008304,0.0876164481862,0.0884173297966,0.0888978587629,0.0908199746281,0.0931425312985,0.0941836773921,0.0932226194595,0.0922615615269,0.0925819141711,0.0935429721037,0.0944239418752,0.095705352452,0.0961057932572,0.0959456169351,0.0961057932572,0.0952248234857,0.0942637655531,0.0945841181973,0.0929823549764,0.092421737849,0.0920212970438,0.0914606799165,0.0898589166955,0.0894584758903,0.0870558310588,0.0876164481862,0.0884173297966,0.0904996219839,0.0930624431374,0.0922615615269,0.0925018260101,0.0936230602647,0.0958655287741,0.0962659695793,0.0971469393508,0.0980279091224,0.0977075564782,0.0953849998078,0.0965863222235,0.0968265867066,0.0972270275119,0.0956252642909,0.0953049116467,0.0956252642909,0.0966664103846,0.0950646471636,0.0953049116467,0.0950646471636,0.092341649688,0.0910602391112,0.0899390048565,0.0893783877292,0.0899390048565,0.0888978587629,0.0875363600251,0.0894584758903,0.0896186522124,0.0915407680775,0.092421737849,0.0931425312985,0.0949044708415,0.0955451761299,0.0947442945194,0.095785440613,0.0965062340625,0.0956252642909,0.0954650879688,0.0934628839426,0.0932226194595,0.0935429721037,0.0931425312985,0.0934628839426,0.09402350107,0.0931425312985,0.0937031484258,0.0933027076205,0.0919412088827,0.0921814733659,0.0917810325606,0.092341649688,0.0908199746281,0.0893783877292,0.0887376824408,0.0909000627891,0.0900991811786,0.0918611207217,0.0935429721037,0.0939434129089,0.0942637655531,0.0949044708415,0.0969867630287,0.0981880854445,0.0986686144107,0.097467291995,0.0979478209613,0.0956252642909,0.0948243826805,0.0965062340625,0.097387203834,0.0965062340625,0.0949044708415,0.0963460577404,0.0969867630287,0.0981079972834,0.0975473801561,0.0981079972834,0.0996296723433,0.100350465793,0.0986686144107,0.0983482617666,0.0989088788939,0.0984283499276,0.0967464985456,0.0945040300363,0.0956252642909,0.0955451761299,0.0927420904932,0.0911403272723,0.0918611207217,0.0928221786543,0.0928221786543,0.0925018260101,0.0961057932572,0.097387203834,0.0962659695793,0.0978677328003,0.100430553954,0.100270377632,0.100190289471,0.100270377632,0.0997097605044,0.0999500249875,0.0989889670549,0.0985885262497,0.0999500249875,0.0997097605044,0.100190289471,0.102272581658,0.104034521201,0.104675226489,0.104434962006,0.103393815913,0.102993375107,0.102753110624,0.102592934302,0.103794256718,0.102673022463,0.100830994759,0.100430553954,0.0997097605044,0.100670818437,0.101311523725,0.102032317175,0.10243275798,0.10395443304,0.102512846141,0.103313727752,0.105315931778,0.104354873845,0.102592934302,0.104995579134,0.105716372583,0.10323363959,0.103473904074,0.101551788208,0.101872140853,0.102192493497,0.100670818437,0.102032317175,0.104354873845,0.101551788208,0.101872140853,0.102673022463,0.103153551429,0.10395443304,0.103634080396,0.103634080396,0.105155755456,0.104434962006,0.104835402811,0.105155755456,0.105235843617,0.104354873845,0.103153551429,0.102032317175,0.102833198785,0.102913286946,0.102352669819,0.102032317175,0.101391611886,0.101711964531,0.10091108292,0.102913286946,0.103634080396,0.103313727752,0.103794256718,0.103073463268,0.102753110624,0.103393815913,0.104194697523,0.104034521201,