# R script for Peak Model
#  -- generated by MACS
p <- c(0.0376614923052,0.0439733851512,0.0502466628794,0.0565266562803,0.0628393885853,0.0629888123021,0.0631357176417,0.0631256441327,0.063067721456,0.0631533462824,0.0631936403184,0.0632515629952,0.0633766423985,0.0634278494026,0.063502561261,0.063502561261,0.0635588050196,0.0637535595269,0.0638987859483,0.0640062367109,0.0641094901781,0.0642009912182,0.0642161014817,0.0643386625078,0.064370561953,0.0643470570986,0.0644033008572,0.0643772776256,0.0644578656976,0.0646207207597,0.0645821056419,0.0645678348375,0.0647273320633,0.0648406590395,0.0649657384429,0.0651168410779,0.0653250269305,0.0654484274157,0.0655407679148,0.0654979555016,0.065592814378,0.0658144315759,0.0659244007158,0.0660318514785,0.0661233525185,0.0662282849039,0.0661367838639,0.0661938670815,0.0662215692313,0.0663407724211,0.0664297550839,0.066481801547,0.0664792831698,0.0665237745012,0.0665665869144,0.0666110782458,0.0666354225592,0.0667789700624,0.0668981732522,0.0670089818512,0.0670744596597,0.0670148580648,0.0671063591049,0.0670047845558,0.0670106607694,0.067016536983,0.0669796007833,0.0669141229748,0.0670308077874,0.0670501153463,0.0672171677038,0.0673615546661,0.0674060459975,0.0675756167323,0.0676553653452,0.0678526382298,0.0680750948868,0.0683454007116,0.0683260931526,0.0683143407255,0.0684117179791,0.0684729984922,0.0685502287278,0.0686501243587,0.06880458483,0.0686366930134,0.0687248362171,0.068713923249,0.0687575751214,0.0686593584086,0.0686778265085,0.0686778265085,0.0685913622229,0.0684780352467,0.0683932498793,0.0686652346222,0.0686711108358,0.0687516989078,0.0688885307383,0.0690950376728,0.0690841247047,0.0691932543855,0.0694190688789,0.0696751038992,0.0698765740792,0.0699924194326,0.0701393247722,0.0701250539678,0.0701527561175,0.0702560095847,0.0702803538982,0.0702753171437,0.0702325047304,0.0702996614571,0.070430617074,0.0703433133294,0.070430617074,0.0704927370462,0.0706656656173,0.0706975650625,0.0708394336475,0.0709561184601,0.071056014091,0.0711718594444,0.07115758864,0.0712499291392,0.0713036545205,0.0714639912054,0.0714127842013,0.0715747998043,0.0716805716488,0.07174353108,0.0717813067388,0.0717300997347,0.0718199218566,0.0719878136732,0.0719727034097,0.0719282120783,0.0720423785136,0.0721582238671,0.072248045989,0.0722556011207,0.0725804717859,0.0728356673472,0.0728675667923,0.0730505688725,0.0731387120762,0.073368723865,0.0734115362782,0.0734761746276,0.0734744957094,0.0736977918255,0.0737691458476,0.0737263334344,0.0738606468877,0.0738245501471,0.073974813323,0.0738975830873,0.0740411305905,0.0740847824629,0.074116681908,0.0741880359301,0.0741259159579,0.0742921288564,0.074408813669,0.0744852044455,0.0746270730306,0.0747261292024,0.0747194135297,0.074742918384,0.074904094528,0.074994756109,0.0749712512546,0.0750803809355,0.0751257117259,0.0751332668577,0.075106404167,0.0752936035426,0.0752810116563,0.075398535928,0.0754933948043,0.0755974877307,0.0758619173418,0.0758090314196,0.0758745092281,0.0761557280209,0.0762925598515,0.0763823819734,0.0765897283669,0.0766627613071,0.0767349547883,0.0766602429299,0.076570420808,0.0766333802392,0.0766854267024,0.0766090359258,0.0768046298922,0.0769053649822,0.0770866881441,0.077196657284,0.0772755664378,0.0776272997936,0.0777431451471,0.0778816558958,0.0781284568663,0.0783005459783,0.0782417838425,0.0783744183776,0.0785582599168,0.0786254166435,0.0788814516638,0.0788680203185,0.0790778850893,0.0792373823151,0.0793658195548,0.0794699124811,0.0796621486111,0.0797351815514,0.0796638275293,0.079892999859,0.0798762106773,0.0798644582502,0.0799567987493,0.0801817737836,0.0802623618556,0.0803429499276,0.0804025515225,0.0806182925068,0.0806233292613,0.0806140952114,0.0807148303014,0.0809095848087,0.0810380220484,0.0809859755852,0.0809691864036,0.0810590085255,0.0811874457652,0.0811874457652,0.0814308888993,0.0816583823108,0.0818002508959,0.081953032449,0.0822191409783,0.0823433809226,0.0826027737793,0.0828159963864,0.082952828217,0.0831140043609,0.083336461018,0.0834732928485,0.0835740279385,0.0836705657331,0.0836881943738,0.0838661596994,0.0838980591446,0.0839920785619,0.0842044617099,0.08429596275,0.0842632238457,0.0843950189218,0.0845075064389,0.0845771815428,0.0848298587268,0.0850019478389,0.0853452866039,0.0854258746759,0.0855257703068,0.0857070934687,0.0860118171159,0.0861872640643,0.0864500147573,0.0867732065043,0.0868168583766,0.0869360615664,0.086972158307,0.0871820230778,0.0873440386808,0.0876034315375,0.0879274627436,0.0880550605242,0.0882489755724,0.0883799311894,0.0884915792474,0.0887073202318,0.0888441520623,0.0889952546973,0.0890901135737,0.0891581097594,0.0891480362504,0.0892303032406,0.0894057501889,0.0895308295923,0.0897784700219,0.0899631510201,0.0901385979685,0.0903417470666,0.0906019793824,0.0907975733488,0.0908638906163,0.0912466839582,0.091637871891,0.0920685144006,0.0924034585748,0.0927442789625,0.093153095536,0.0935115445645,0.0938439703614,0.0942124928989,0.0945826943546,0.0947111315943,0.0949352671695,0.0951476503175,0.0954078826333,0.095677348999,0.0957529003164,0.0960349585684,0.0960593028818,0.096303585475,0.0966032723676,0.0968920462922,0.0970498645999,0.0971086267357,0.0972185958756,0.0973579460834,0.0976702248623,0.0976391648762,0.0979380123098,0.0981436797852,0.0983552234741,0.0985566936541,0.0986733784666,0.0990973053036,0.0994037078689,0.0995447369949,0.0996530272166,0.100082830267,0.100456389559,0.100623441917,0.100863527214,0.101153140598,0.101493960986,0.101568672844,0.101647581998,0.101904456478,0.102164688793,0.102359443301,0.102482843786,0.102677598293,0.102840453355,0.10305619434,0.10301925814,0.103282848292,0.10349523144,0.103648852452,0.103847804255,0.103956094477,0.104285162437,0.104568060148,0.104774567083,0.104855994614,0.105265650646,0.105553585112,0.105850753627,0.106167229702,0.106321690173,0.106701125679,0.106756529978,0.106842994264,0.107058735248,0.107321485941,0.107470909658,0.10752379558,0.107729463055,0.107920859726,0.10824740931,0.108324639545,0.108624326438,0.108914779281,0.10915318566,0.109370605563,0.109493166589,0.109755077823,0.109952350707,0.110236087878,0.110319194327,0.110583623938,0.110733047655,0.110942072966,0.111047844811,0.111384467903,0.11162539266,0.111835257431,0.111888982812,0.11189989578,0.112195385378,0.112288565336,0.112408607985,0.112633583019,0.112902209926,0.112892975876,0.113070941201,0.113208612491,0.113546075042,0.113833170049,0.113938102434,0.114224357981,0.114479553543,0.114649124278,0.114937058743,0.115171267827,0.115372738007,0.115674943277,0.115866339948,0.115904115607,0.116014084747,0.116048502569,0.116250812208,0.116302858671,0.116312092721,0.116418704025,0.116513562901,0.116486700211,0.116542943969,0.116805694662,0.1170818767,0.117259002567,0.117377366298,0.11766781914,0.117826476907,0.118087548682,0.118351978293,0.118545893341,0.118830469971,0.118889232106,0.119150303881,0.119474335087,0.119714420385,0.119789132244,0.119940234878,0.120093855891,0.12031463363,0.120595012963,0.120864479329,0.121100367331,0.121145698122,0.121153253254,0.121263222393,0.121432793128,0.121474766082,0.121646855194,0.12167875464,0.121805512961,0.121903729674,0.122125346872,0.122331014347,0.122596283417,0.122807827106,0.122950535151,0.123268690143,0.123541514345,0.123776562888,0.123988106577,0.124118222735,0.12419629243,0.124329766424,0.124448969614,0.124588319822,0.124760408934,0.12470920193,0.12458076469,0.124669747353,0.124859465106,0.124877093746,0.125041627727,0.125191890902,0.12532200706,0.12531277301,0.125458838891,0.125782030638,0.126005326754,0.126001129459,0.126005326754,0.126033868363,0.126153071553,0.126157268848,0.126231141247,0.126573640553,0.126620650262,0.126665981052,0.126788542079,0.127029466835,0.127052132231,0.127293056988,0.127337548319,0.127581830912,0.127562523353,0.127359374255,0.127379521273,0.127356016419,0.127377842355,0.127422333686,0.127549092008,0.1274282099,0.127423173145,0.127340906155,0.127484453658,0.127576794158,0.127580991453,0.127523908235,0.127384558028,0.127365250469,